1,5987
2,5484
3,14
4,7390
5,5914
6,7478
7,8458
8,7306
9,7441
10,6497
11,7386
12,12444
13,6588
14,9073
15,9411
16,7370
17,6982
18,6407
19,7165
20,8258
21,6722
22,6815
23,7600
24,14735
25,7064
26,6953
27,8320
28,9265
29,19456
30,7247
31,7200
32,7134
33,6903
34,6903
35,5484
36,6901
37,11124
38,8180
39,6029
40,7037
42,10190
43,9768
44,10217
45,10239
46,3923
47,4846
48,5674
49,4784
50,6386
51,8513
52,8878
53,6432
54,3972
55,5875
56,7103
57,10346
58,6191
60,12901
61,4473
62,5055
63,5062
64,5034
65,3943
66,19407
67,8595
68,7000
69,4953
70,5724
71,6264
72,5355
73,5683
74,5690
75,67133
76,7446
77,5916
78,5630
79,6095
80,6095
81,5731
82,9009
83,4719
84,4768
85,9029
86,5610
87,6757
88,5544
89,5166
90,5559
91,5898
92,6338
93,5489
94,5354
95,5971
96,5560
97,5286
98,5853
99,5297
100,6032
101,7327
102,14983
103,29478
104,18882
105,9657
106,15138
107,9451
108,27484
109,6435
110,9911
111,9075
112,9811
113,9721
114,45678
115,22726
116,13064
117,7290
118,7803
119,7587
120,9832
121,19112
122,9464
123,9464
124,9493
125,9270
126,9371
127,9434
128,9485
129,9309
130,9430
131,18312
132,15312
133,6432
134,13323
135,7283
136,13106
137,7379
138,19953
139,6290
140,6162
141,6214
142,6482
143,6347
144,6210
145,6018
146,6357
147,6080
148,6746
149,7265
150,7542
151,7145
152,7694
153,7261
154,2411
155,4358
156,3456
157,4854
158,4889
159,4867
160,4880
161,4794
162,4884
163,4817
164,4928
165,4775
166,5288
167,6508
168,8104
169,12422
170,15450
171,11509
172,6291
173,5778
174,5893
175,5292
176,4421
177,12438
178,7286
179,10015
180,8339
181,9539
182,13394
183,6461
184,9690
185,12059
186,7923
187,5683
188,14300
190,7249
191,8965
192,4969
193,3930
194,4841
195,4957
196,6082
197,6196
200,9101
201,4613
202,18129
203,6657
204,9794
205,5059
206,7471
207,7042
208,7449
209,7590
210,6411
211,7464
212,7665
213,10429
214,7337
215,8594
216,7118
217,20001
218,6631
219,8996
220,6669
221,7451
222,8457
224,17407
225,7120
226,7408
227,8479
228,5835
229,5432
230,8778
231,8639
232,5963
233,8318
234,7088
235,6416
236,5701
237,6490
238,8192
239,5801
240,11283
241,11331
242,10886
243,9787
244,5052
245,16503
246,6889
247,7911
248,5126
249,14625
250,6762
251,6231
252,8228
253,4749
254,4952
255,9272
256,5069
257,6889
258,10305
259,7325
260,7740
261,7359
262,7496
263,8714
264,9763
265,6515
266,8089
267,5525
268,7119
269,6441
270,7293
271,7503
272,5725
273,5768
274,4720
275,4900
276,5478
277,5682
278,4974
279,5462
280,5490
281,5868
282,5315
283,4410
284,5657
285,5089
286,5327
287,11598
288,16271
289,14685
290,11549
291,10848
292,14600
293,16585
294,16123
295,11626
296,14541
297,10383
298,11421
299,11510
300,13480
301,16674
302,7997
303,8267
304,14609
305,14498
306,5694
307,11413
308,10033
309,30086
310,10427
311,7450
312,8135
313,6416
314,7467
315,5833
316,7698
317,8597
318,9166
319,8588
320,8948
321,6453
322,7328
323,5592
324,5601
325,12417
326,44954
327,5944
328,6603
329,5630
330,253204
331,27937
332,7522
333,7396
334,6066
335,12171
336,5604
337,6804
338,9381
339,7654
340,7099
341,9643
342,8213
343,6020
344,12584
345,8026
346,10010
347,6040
348,7053
349,5604
350,8166
351,10720
352,5609
353,8262
354,11444
355,17407
356,17256
357,20451
358,13466
359,15997
360,12186
361,27990
362,29735
363,18000
364,23205
365,23918
366,28716
367,9771
368,23590
369,13695
370,13609
371,16138
372,15232
373,16263
374,14429
375,19729
376,12199
377,15414
378,15560
379,11800
380,13360
381,24893
382,32365
383,19392
384,21603
385,17421
386,18394
387,10181
388,13684
389,13366
390,12349
391,15045
392,13641
393,21323
394,15803
395,17280
396,20056
397,18532
398,19901
399,35188
400,36587
401,12764
402,14437
403,18538
404,28280
405,17203
406,17782
407,12608
408,18035
409,20053
410,15266
411,13532
412,14906
413,14888
414,11982
415,9302
416,13554
417,12071
418,13569
419,11251
420,20239
421,20263
422,19021
423,12121
424,11035
425,17339
426,18917
427,27074
428,12733
429,11041
430,18088
431,6822
432,24267
433,10004
434,36477
435,10767
436,10099
437,21643
438,12541
439,20076
440,20656
441,13206
442,9327
443,9648
444,7121
445,15752
446,21513
447,23868
448,14475
449,29847
450,20211
451,13752
452,14016
453,16458
454,5998
455,10630
456,10025
457,12122
458,13512
459,9860
460,5664
461,10635
462,6535
463,10102
464,23422
465,6974
466,7173
467,12237
468,12083
469,12230
470,14910
471,18250
472,16141
473,11609
474,12680
475,16561
476,17199
477,12936
478,15319
479,14849
480,12781
481,16263
482,16229
483,19479
484,13853
485,11815
486,14570
487,15785
488,13077
489,14512
490,16719
491,15852
492,15517
493,19342
494,12757
495,21895
496,16096
497,13242
498,16024
499,13053
500,13993
501,13094
502,10290
503,13091
504,12831
505,15473
506,12770
507,18697
508,13069
509,19555
510,11353
511,14763
512,14791
513,15003
514,14287
515,18224
516,18645
517,20734
518,15195
519,14963
520,13540
521,18378
522,16021
523,17314
524,14112
526,11148
527,14109
528,13994
529,29314
530,13761
531,17123
532,11347
533,10895
534,13213
535,14204
536,9608
537,12535
538,13357
539,13652
540,15802
541,14037
542,14093
543,13263
544,14694
545,14057
546,13033
547,24057
548,14863
549,13652
550,17353
551,12375
552,18725
553,18986
554,18667
555,14487
556,11536
557,9218
558,16518
559,15836
560,14723
561,17424
562,17848
563,17273
564,12473
565,14377
566,16749
567,23045
568,11063
569,12648
570,13939
571,13833
572,12146
573,13512
574,18845
575,34842
576,6918
577,6660
578,6912
579,9097
580,8930
581,6891
582,8655
583,7101
584,6225
585,6481
586,10262
587,11924
588,12119
589,11244
590,8530
591,9870
592,11701
593,9627
594,10933
595,9841
596,11498
597,11978
598,9956
599,7712
600,9807
601,11019
602,14243
603,12829
604,9016
605,11808
606,7320
607,9460
608,9008
609,9051
610,9073
611,8888
612,9160
613,9145
614,8732
615,8703
616,9579
617,15026
618,11181
619,10548
620,8889
621,9720
623,92582
624,9963
625,56992
626,83183
627,79824
628,74678
629,73643
630,74357
631,93928
632,43297
633,36354
634,10823
635,15316
636,9625
637,41330
638,11486
639,64803
640,29194
641,75911
642,9501
643,9520
644,8989
645,9179
646,11509
647,12816
648,14536
649,12380
650,8180
651,12459
652,10772
653,9708
654,30989
655,31790
656,13719
657,10548
658,12709
659,12189
660,12359
661,12309
662,12403
663,12263
664,7657
665,12114
666,12148
667,13328
669,7197
670,11070
671,11568
672,8722
673,13080
674,11444
675,8778
676,10910
677,7603
678,12375
679,10739
680,10527
681,9184
682,9808
683,11343
684,11699
685,11230
686,12259
687,10651
688,13578
689,12927
690,14832
691,12587
692,10303
693,8767
694,7413
695,8300
696,8581
697,8123
698,15840
699,12017
700,14498
701,9964
702,8216
703,8999
704,11775
705,12838
706,12073
707,10673
708,9729
709,9007
710,11196
711,11654
712,76097
713,11258
714,10282
715,10031
716,10694
717,10199
718,9551
719,9646
720,11838
721,11911
722,11180
723,8759
724,8764
725,9796
726,11976
727,12592
728,8465
729,10968
730,10932
731,12270
732,12064
733,13386
734,13053
735,8442
736,13700
737,11655
738,7472
739,11052
740,9177
741,8844
742,12292
743,9301
744,10964
745,12085
746,12385
747,10961
748,10868
749,11565
750,12671
751,10049
752,8685
753,12322
754,8069
755,9488
756,10693
757,11289
758,10501
759,12361
760,10490
761,10413
762,81687
763,7914
764,6825
766,21746
767,14020
768,6327
769,4858
770,5741
771,4669
772,4926
773,33323
774,17059
775,5915
776,25164
777,6095
778,14374
779,6300
780,4512
781,5900
782,7107
783,5488
784,6276
785,7029
786,5523
787,6778
788,12639
789,23720
790,7706
791,7576
792,5196
793,5732
794,5421
795,5647
796,5473
797,5521
798,5421
799,7974
800,9929
801,6507
802,9697
804,6108
805,5915
806,6052
807,6083
808,5850
809,6033
810,6718
811,5765
812,14610
813,7794
814,14396
815,29121
816,26727
817,7745
818,19397
819,24843
820,25330
821,11117
822,18097
823,7289
824,15166
825,23554
826,25306
827,11384
828,8236
829,9217
830,15291
831,31864
832,25299
833,11552
834,6625
835,6699
836,26064
837,13842
838,10109
839,6918
840,7638
841,9363
842,16232
843,6839
844,6905
845,8325
846,6826
847,7323
848,70
849,6672
850,16498
851,5677
852,5079
853,10201
854,5674
855,80152
856,37584
857,7198
858,12436
859,26246
860,6444
861,6879
862,14187
863,10566
864,5690
865,4789
866,4069
867,5154
868,5945
869,14571
870,7341
871,6208
872,7061
873,8863
874,7432
875,6162
876,6904
877,6978
878,20109
879,6744
880,5800
881,5846
882,5776
883,6035
884,4878
885,4929
886,4984
887,4950
888,4746
889,5011
890,7159
891,8191
892,6672
893,8411
894,5813
895,5797
896,5364
897,5908
898,18526
899,6117
900,8145
901,5682
902,5259
903,5186
904,5339
905,5169
906,5332
907,5152
908,5124
909,5141
910,5163
911,5268
912,5021
913,7610
914,11476
915,15449
916,13214
917,18736
918,38764
919,5147
920,10273
921,6907
922,5710
923,5879
924,6501
925,5785
926,7399
927,5602
928,6003
929,6938
930,7121
931,6297
932,6444
933,6723
934,5875
935,5901
936,7703
937,7253
938,5393
939,7113
940,5570
941,5779
942,7534
943,7692
944,6666
945,6912
946,8214
947,7190
948,5860
949,5963
950,6461
951,5560
952,5624
953,7503
954,6891
955,7880
956,5932
957,5921
958,6684
959,6112
960,6068
961,7263
962,5536
963,5878
964,5674
965,7826
966,5875
967,5900
968,6688
969,8053
970,7480
971,6769
972,7358
973,5809
974,5599
975,7684
976,5717
977,7341
978,8427
979,5901
980,5577
981,6824
982,5714
983,5874
984,6481
985,6454
986,7573
987,5747
988,6137
989,6149
990,5700
991,7780
992,5876
993,7418
994,241129
995,7250
996,6433
997,6077
998,6388
999,5781
1000,6608
1001,6062
1002,5604
1003,6632
1004,5675
1005,7263
1006,8060
1007,5459
1008,5929
1009,6011
1010,6570
1011,6038
1012,5465
1013,5731
1014,6374
1015,6866
1016,5551
1017,7264
1018,7143
1019,7831
1020,6658
1021,7525
1022,7625
1023,7179
1024,5705
1025,5861
1026,5763
1027,5422
1028,6028
1029,7570
1030,5415
1031,7588
1032,5806
1033,6638
1034,6427
1035,5831
1036,5829
1037,6140
1038,5792
1039,5682
1040,5895
1041,8009
1042,6076
1043,6751
1044,6073
1045,5427
1046,5916
1047,5758
1048,6413
1049,6999
1050,6797
1051,5549
1052,6014
1053,7161
1054,5952
1055,8000
1056,5971
1057,5596
1058,5926
1059,5477
1060,6482
1061,5884
1062,5841
1063,6010
1064,6029
1065,6082
1066,6485
1067,5549
1068,6018
1069,6223
1070,6955
1071,6396
1072,6179
1073,6058
1074,5645
1075,5966
1076,5645
1077,5688
1078,5819
1079,6754
1080,5993
1081,6414
1082,5816
1083,6080
1084,7339
1085,5599
1086,7194
1087,246006
1088,5277
1089,6449
1090,5187
1091,5393
1092,5288
1093,5285
1094,4899
1095,5467
1096,5771
1097,5666
1098,6942
1099,5295
1100,8154
1101,5005
1102,7170
1103,6598
1104,8482
1105,5554
1106,5005
1107,5996
1108,9887
1109,7120
1110,14287
1111,5828
1112,5561
1113,5148
1114,6309
1115,5821
1116,5198
1117,6944
1118,8176
1119,6221
1120,5841
1121,6959
1122,9753
1123,6042
1124,7701
1125,6590
1126,5713
1127,6950
1128,7225
1129,7320
1130,7838
1131,7403
1132,8780
1133,7419
1134,6743
1135,6666
1136,6615
1137,8210
1138,5668
1139,6425
1140,8929
1141,9377
1142,11482
1144,5081
1145,6319
1146,5553
1147,7183
1148,7234
1149,5136
1150,5302
1151,9109
1152,6483
1153,7373
1154,6916
1155,5769
1156,5609
1157,5681
1158,6253
1159,5673
1160,5953
1161,5843
1162,5009
1163,5484
1164,5285
1165,6170
1166,6275
1167,5191
1168,6130
1169,6278
1170,6232
1171,6356
1172,6221
1173,6191
1174,6412
1175,6381
1176,6980
1177,6956
1178,5092
1179,4756
1180,4746
1181,4748
1182,6700
1183,30111
1184,4914
1185,5278
1186,5285
1187,5145
1188,5068
1189,5835
1190,6805
1191,8433
1192,6396
1193,18486
1194,5921
1195,26435
1196,18245
1197,11148
1198,13210
1199,4336
1200,5657
1201,8122
1202,2056
1203,7335
1204,6800
1205,7222
1206,6975
1207,7297
1208,7302
1209,7626
1210,7408
1211,7669
1212,7205
1213,7874
1214,7419
1215,6976
1216,6427
1217,7290
1218,6911
1219,7629
1220,7379
1221,7199
1222,7015
1223,7134
1224,7502
1225,7259
1226,7589
1227,7399
1228,7570
1229,7489
1230,6828
1231,6931
1232,7099
1233,7177
1234,7246
1235,7230
1236,9133
1237,7071
1238,5823
1239,9282
1240,6907
1241,5871
1242,6801
1243,5994
1244,5884
1245,8360
1246,6041
1247,6227
1248,7101
1249,9634
1250,6319
1251,8384
1252,7629
1258,14301
1259,8822
1260,13703
1261,14822
1262,13122
1263,11957
1264,16103
1265,13740
1266,14236
1267,11640
1268,15525
1269,13652
1270,5904
1271,7976
1272,8497
1273,5422
1274,8613
1275,5344
1276,4721
1277,4216
1278,4974
1279,9120
1280,6683
1281,4522
1282,12409
1283,17031
1284,9992
1285,7562
1286,17686
1287,4933
1288,5186
1289,17868
1290,10281
1291,5381
1292,8402
1293,14558
1294,7441
1295,6691
1296,7139
1297,6367
1298,10555
1299,6046
1300,10507
1301,8823
1302,6188
1303,42326
1304,46920
1305,5513
1306,5778
1307,4669
1308,6205
1309,4961
1310,4207
1311,4135
1312,5055
1313,8143
1314,21513
1315,5320
1316,4841
1317,5019
1318,5107
1319,7379
1320,5245
1321,4878
1322,17037
1323,4983
1324,4445
1325,5890
1326,5249
1327,56321
1328,8537
1329,10311
1330,7556
1331,13823
1332,7520
1333,8473
1334,7337
1335,8846
1336,5094
1337,7985
1338,5312
1339,8721
1340,5516
1341,6902
1342,5136
1343,7068
1344,4177
1345,5786
1346,4090
1347,5923
1348,4611
1349,51596
1350,5152
1351,6182
1352,11146
1353,6240
1354,5279
1355,5137
1356,5788
1357,4627
1358,5788
1359,17240
1360,9007
1361,16897
1362,5386
1363,4251
1364,5827
1365,5832
1366,11724
1367,4459
1368,27605
1369,6321
1370,4385
1371,5631
1372,4108
1373,6500
1374,4206
1375,4345
1376,5283
1377,3942
1378,6503
1379,5993
1380,4578
1381,10443
1382,11047
1383,12897
1384,5484
1385,6840
1386,3877
1387,7863
1388,4579
1389,4241
1390,5560
1391,23180
1392,14928
1393,15224
1394,5138
1395,7716
1396,5428
1397,5468
1398,5448
1399,5375
1400,5019
1401,8228
1402,19555
1403,21351
1404,9620
1405,7430
1406,19441
1407,9380
1408,60332
1409,64349
1410,6456
1411,8023
1412,17111
1413,8068
1414,13761
1415,26038
1416,20223
1417,8650
1418,16156
1419,5918
1420,5359
1421,12264
1422,4405
1423,5054
1424,4150
1425,4965
1426,15057
1427,4737
1428,4742
1429,12179
1430,4631
1431,12654
1432,5843
1433,4148
1434,12351
1435,4209
1436,4248
1437,5193
1438,7151
1439,7400
1440,5019
1441,25590
1442,11062
1443,6463
1444,4305
1445,5107
1446,25639
1447,9582
1448,13523
1449,6144
1450,4842
1451,10960
1452,26709
1453,4784
1454,5494
1456,14544
1457,6055
1458,4930
1459,3944
1460,10223
1461,14610
1462,11723
1463,23726
1464,7128
1465,33688
1467,5270
1468,6427
1469,8047
1470,7912
1471,7028
1472,2578
1473,10977
1474,6881
1475,2247
1476,6411
1477,3752
1478,3430
1479,8013
1480,5329
1481,5005
1482,9011
1483,14607
1484,6980
1485,5118
1486,5807
1487,5330
1489,4166
1490,4166
1491,4166
1492,5158
1493,9665
1494,28895
1495,8125
1496,11670
1497,8581
1498,12966
1499,9266
1500,15247
1501,12859
1502,7485
1503,5218
1504,11301
1505,5493
1506,4320
1507,5472
1508,7396
1509,4880
1510,5166
1511,4970
1512,6037
1513,14690
1514,5849
1515,5363
1516,5619
1517,5782
1518,10181
1519,5590
1520,5753
1521,12942
1522,4500
1523,8647
1524,4936
1525,6626
1526,4775
1527,18170
1528,14665
1529,4370
1530,6230
1531,7614
1532,14012
1533,5861
1534,5830
1535,5618
1536,17752
1537,5206
1538,8784
1539,12195
1540,10930
1541,9745
1542,11066
1543,7090
1544,5243
1545,4611
1546,5088
1547,5259
1548,5020
1549,4978
1550,5344
1551,13551
1552,4518
1553,5226
1554,8009
1555,4505
1556,17586
1557,14084
1558,12201
1559,10882
1560,5089
1561,5094
1562,5933
1563,4945
1564,5205
1565,4942
1566,4270
1567,6572
1568,5028
1569,4767
1570,6482
1571,5507
1572,8893
1573,8598
1574,7638
1575,5867
1576,5699
1577,6319
1578,7104
1579,9569
1580,5279
1581,6422
1582,5664
1583,5566
1584,16365
1585,6325
1586,7923
1587,5304
1588,5426
1589,4544
1590,6159
1591,11493
1592,4469
1593,8771
1594,25513
1595,5320
1596,4927
1597,5155
1598,26031
1599,5121
1600,5119
1601,16795
1602,25756
1603,5065
1604,21676
1605,25756
1606,5065
1607,5113
1608,5065
1609,5113
1610,7025
1611,5119
1612,20607
1613,5141
1614,5131
1615,5428
1616,5119
1617,5065
1618,5123
1619,5131
1620,5133
1621,12028
1622,5107
1623,5111
1624,5107
1625,5121
1626,5125
1627,5115
1628,5121
1629,5117
1630,25756
1631,5107
1632,5113
1633,5149
1634,5065
1635,5121
1636,5065
1637,5125
1638,5757
1639,5065
1640,5113
1641,5119
1642,5065
1643,5123
1644,5139
1645,5137
1646,5065
1647,5065
1648,5065
1649,5411
1650,5905
1651,4811
1652,4138
1653,4320
1654,5341
1655,5180
1656,4198
1657,5693
1658,4068
1659,5248
1660,10736
1661,10398
1662,4771
1663,11176
1664,9188
1665,12069
1666,12020
1667,4156
1668,3988
1669,4902
1670,4063
1671,4227
1672,5004
1673,4283
1674,5078
1675,5039
1676,5194
1677,4579
1678,12808
1679,4636
1680,5736
1681,5770
1682,7184
1683,4499
1684,21822
1685,15496
1686,28442
1687,34899
1688,19743
1689,8236
1690,13623
1691,99664
1692,15037
1693,18544
1694,10943
1695,6510
1696,15085
1697,5008
1698,7987
1699,8248
1700,7250
1701,7280
1702,5649
1703,5506
1704,9514
1705,4884
1706,4520
1707,10920
1708,5098
1709,14650
1710,4387
1711,4955
1712,4903
1713,5427
1714,9869
1715,5378
1716,4343
1717,4779
1718,6149
1719,4972
1720,5466
1721,31580
1722,7574
1723,5139
1724,5143
1725,7935
1726,8148
1727,10698
1728,13621
1729,14096
1730,7791
1731,20342
1732,4281
1733,4283
1734,5077
1735,7056
1736,6514
1737,5930
1738,5297
1739,4906
1740,8267
1741,9656
1742,5346
1743,5803
1744,5175
1745,8542
1746,5080
1747,5219
1748,5701
1749,13137
1750,14013
1751,9095
1752,8754
1753,5002
1754,4003
1755,11873
1756,12096
1757,8586
1758,5521
1759,27965
1760,4230
1761,4735
1762,7407
1763,4463
1764,5840
1765,4477
1766,19163
1767,6865
1768,6584
1770,5357
1771,5416
1772,5521
1773,4222
1774,9050
1775,23347
1776,10485
1777,6157
1778,5525
1779,5323
1780,4966
1781,4203
1782,7325
1783,4803
1784,4136
1785,5673
1786,5798
1787,5337
1788,4441
1789,4370
1790,5476
1791,5433
1792,25688
1793,4406
1794,5029
1795,5068
1796,5503
1797,5966
1798,5669
1799,6494
1800,20348
1801,5755
1802,4454
1803,2540
1804,6629
1805,5501
1806,4944
1807,5763
1808,6273
1809,13184
1810,4793
1811,6876
1812,4153
1813,4694
1814,6276
1815,8246
1816,4042
1817,4615
1818,8537
1819,4373
1820,12481
1821,5098
1822,7987
1823,5343
1824,19079
1826,7253
1827,4975
1828,54192
1829,7528
1830,7356
1831,11303
1832,13483
1833,4929
1834,4563
1835,7122
1836,14268
1837,6097
1838,6803
1839,5092
1840,6276
1841,11314
1842,6761
1843,5212
1845,4349
1846,4401
1847,11287
1848,4850
1849,15178
1850,5669
1851,6306
1852,28914
1853,12310
1854,23162
1855,5078
1856,4898
1857,5800
1858,22455
1859,4790
1860,6021
1861,8032
1862,5302
1863,5552
1864,5414
1865,5409
1866,5922
1867,6058
1868,5726
1869,6063
1870,16346
1871,4853
1872,7209
1873,8881
1874,4489
1875,10495
1876,4910
1877,16078
1878,5167
1879,5116
1880,5367
1881,8734
1882,7147
1883,3976
1884,5462
1885,4329
1886,6143
1887,5597
1888,6318
1889,4776
1890,5050
1891,4116
1892,5925
1893,6397
1894,7954
1895,6991
1896,5934
1897,7566
1898,6979
1899,4554
1900,7563
1901,5446
1902,6677
1903,6456
1904,4797
1905,6776
1906,4771
1907,4689
1908,4285
1909,4844
1910,4247
1911,4263
1912,6049
1913,8895
1914,7106
1915,5763
1916,6345
1917,4467
1918,5183
1919,12212
1920,5919
1921,6067
1922,5829
1923,5685
1924,5998
1925,4812
1926,9609
1927,10342
1928,8636
1929,4450
1930,8954
1931,13407
1932,16452
1933,9097
1934,5233
1935,6277
1936,12083
1937,6492
1938,12106
1939,6045
1940,5345
1941,11352
1942,6724
1943,6045
1944,5017
1945,5635
1946,5038
1947,8738
1948,4684
1949,9158
1950,8774
1951,9337
1952,6203
1953,7189
1954,5261
1955,6266
1956,5248
1957,2743
1958,2580
1959,4513
1960,6300
1961,40143
1962,7544
1963,2417
1964,3987
1965,2837
1966,2407
1967,7064
1968,100890
1969,8589
1970,5170
1971,16477
1972,4948
1973,9010
1974,5256
1975,4710
1976,4527
1977,45432
1978,4992
1979,5126
1980,5223
1981,50836
1982,7826
1983,37698
1984,7720
1985,13811
1986,9618
1987,9386
1988,6572
1989,7866
1990,5973
1991,6272
1992,12727
1993,6707
1994,5200
1995,6242
1996,12635
1997,9601
1998,5628
1999,4295
2000,2683
2001,5247
2002,5220
2003,4293
2004,4710
2005,5333
2006,6174
2007,4558
2008,19466
2009,7493
2010,4529
2011,5909
2012,12599
2013,8511
2014,6650
2015,4788
2016,5202
2017,4259
2018,4264
2019,5104
2020,5088
2021,6013
2022,4530
2023,5464
2024,6607
2025,8050
2026,6469
2027,5711
2028,4557
2029,7064
2030,9205
2031,5110
2032,5538
2033,5564
2034,4838
2035,4632
2036,5967
2037,6151
2038,9755
2039,10451
2040,10371
2041,12968
2042,4525
2043,4855
2044,5147
2045,5233
2046,5717
2047,5878
2048,5807
2049,6012
2050,4530
2051,5403
2052,5446
2053,6046
2054,7623
2055,5898
2056,4837
2057,2597
2058,10272
2059,4711
2060,9977
2061,5264
2062,5326
2063,12261
2064,6008
2065,5526
2066,7045
2067,26876
2068,7236
2069,5184
2070,5363
2071,49321
2072,8622
2073,5151
2074,6063
2075,6643
2076,5054
2077,52050
2078,5901
2079,6333
2081,5380
2082,6202
2083,5755
2084,6749
2085,6166
2086,6602
2087,7326
2088,6947
2089,6056
2090,6758
2091,8170
2093,6024
2094,7419
2095,6528
2096,6639
2097,33486
2098,5060
2099,8064
2100,6056
2101,4050
2102,5023
2103,4817
2104,4671
2105,25166
2106,8945
2107,8739
2108,4473
2109,5130
2110,6163
2111,4779
2112,6008
2113,4012
2114,6722
2115,4333
2116,4623
2117,4556
2118,4557
2119,5430
2120,7997
2121,5405
2122,5056
2123,4781
2124,8575
2125,5145
2126,20674
2127,10020
2128,5687
2129,5527
2130,5464
2131,25552
2132,11068
2133,9170
2134,7765
2135,9193
2136,4923
2137,5862
2138,13623
2139,12026
2140,6934
2141,7210
2142,5670
2143,1971
2144,5378
2145,5148
2146,5103
2147,15684
2148,21477
2149,4608
2150,6347
2151,6684
2152,4902
2153,21332
2154,4636
2155,4580
2156,15171
2157,7059
2158,4317
2159,4088
2160,10623
2161,4991
2162,5804
2163,4749
2164,6549
2165,5072
2166,4851
2167,4489
2168,5762
2169,5466
2170,11656
2171,15783
2172,4426
2173,5215
2174,4095
2175,4281
2176,5223
2177,4875
2178,3923
2179,6076
2180,4642
2181,5683
2182,5933
2183,4827
2184,9782
2185,4398
2186,8855
2187,19564
2188,12722
2189,16645
2190,5153
2191,4976
2192,15359
2193,5319
2194,6563
2195,12041
2196,5185
2197,5297
2198,7512
2199,7460
2200,5580
2201,4676
2202,5493
2203,8895
2204,4329
2205,6178
2206,4606
2207,7096
2208,6236
2209,6944
2210,5521
2211,4996
2212,8093
2213,6615
2214,8281
2215,4754
2216,6901
2217,5880
2218,5950
2219,5740
2220,5482
2221,5420
2222,4550
2223,6275
2224,4613
2225,4606
2226,25374
2227,6459
2228,5651
2229,4475
2230,5155
2231,4466
2232,5053
2233,5073
2234,4383
2235,9104
2236,5398
2237,6703
2238,2055
2239,5241
2240,5233
2241,6011
2242,5493
2243,5340
2244,5269
2245,3492
2246,1836
2247,2106
2248,2063
2249,1380
2250,4553
2251,4435
2252,6928
2253,5652
2254,6822
2255,5425
2256,5844
2257,5060
2258,6027
2259,5616
2260,5052
2261,5837
2262,5158
2263,5578
2264,6540
2265,5073
2266,5244
2267,4703
2268,5789
2269,6145
2270,5323
2271,6022
2272,6863
2273,5257
2274,4911
2275,5496
2276,2078
2277,6068
2278,4595
2279,5915
2280,6418
2281,3657
2282,5044
2283,4412
2284,4889
2285,5237
2286,2016
2287,2976
2290,6732
2291,15204
2293,5841
2298,10838
2299,8203
2302,5483
2303,11702
2306,6617
2307,4724
2308,6045
2309,4400
2310,7715
2311,4184
2312,4185
2313,4677
2314,11338
2315,16199
2316,16199
2317,4237
2318,5344
2319,8436
2320,8436
2321,4802
2322,8612
2323,4709
2324,6486
2325,4352
2326,4825
2327,4454
2328,5197
2329,4644
2330,4498
2331,4850
2332,4445
2333,4572
2334,6185
2335,6666
2336,5599
2337,9040
2338,7498
2340,6476
2341,7652
2342,7652
2343,9734
2344,7820
2345,6978
2346,14335
2347,11045
2348,12753
2349,17675
2350,8066
2351,8067
2352,7347
2353,7348
2354,11065
2355,14790
2356,14790
2357,9071
2358,6705
2359,6705
2360,6574
2361,6124
2362,6463
2363,6183
2364,6678
2365,6309
2366,6484
2367,6098
2368,6448
2369,6155
2370,6519
2371,6455
2372,6319
2373,6306
2374,6564
2375,6435
2376,6582
2377,6420
2378,6533
2379,6244
2380,6912
2381,6612
2382,7980
2383,7980
2384,7537
2385,6437
2386,13513
2387,10019
2388,10019
2389,5460
2390,7068
2397,15159
2400,7045
2401,7135
2403,5536
2404,6400
2405,6391
2406,16422
2407,10577
2408,7196
2409,7754
2414,11861
2415,9093
2416,11711
2417,7461
2418,5717
2419,9534
2420,6191
2421,7756
2422,5913
2423,35050
2424,7695
2425,5718
2426,6684
2427,5271
2428,6145
2429,11890
2430,6560
2431,7486
2432,6649
2433,8086
2434,6391
2435,9192
2436,9041
2437,7161
2438,5686
2439,6527
2440,6225
2441,7093
2442,10345
2443,6105
2444,7940
2445,2246
2446,51092
2447,2783
2448,2999
2449,56399
2450,349264
2451,2157
2452,5386
2453,5873
2454,6823
2455,6177
2456,4628
2457,5250
2458,5648
2459,5074
2460,4963
2461,5026
2462,4680
2463,5447
2464,5403
2465,4094
2466,5146
2467,4404
2468,4971
2469,5035
2470,5105
2471,5253
2472,4778
2473,4439
2474,4874
2475,5163
2476,7681
2477,5430
2478,4656
2479,5817
2480,5409
2481,4313
2482,5048
2483,5361
2484,4515
2485,5330
2486,5347
2487,4449
2488,4150
2489,5103
2490,4399
2491,5306
2492,6001
2493,4848
2494,4899
2495,1612
2496,4944
2497,5493
2498,5244
2499,5013
2500,7487
2501,5648
2502,4855
2503,5666
2504,6105
2505,4150
2506,4590
2507,4882
2508,5374
2509,4533
2510,5939
2511,7606
2512,5355
2513,5538
2514,4666
2515,5352
2516,4615
2517,4121
2518,5354
2519,4567
2520,5191
2521,4999
2522,5388
2523,4906
2524,4593
2525,4447
2526,4374
2527,5592
2528,4652
2529,4642
2530,6021
2531,5985
2532,7646
2533,4527
2534,4474
2535,5066
2536,4909
2537,7663
2538,4844
2539,5553
2540,4616
2541,5288
2542,4810
2543,4974
2544,4882
2545,5574
2546,4509
2547,4920
2548,4812
2549,7902
2550,5356
2551,4455
2552,5537
2553,5338
2554,4755
2555,7626
2556,4458
2557,4381
2558,4778
2559,5148
2560,4966
2561,5362
2562,5410
2563,4665
2564,4391
2565,4622
2566,4325
2567,4702
2568,4490
2569,5676
2570,5788
2571,5014
2572,4831
2573,4611
2574,5361
2575,4690
2576,5278
2577,5712
2578,5248
2579,5734
2580,6009
2581,4858
2582,5664
2583,4600
2584,5764
2585,4947
2586,5755
2587,5225
2588,7778
2589,5486
2590,6311
2591,6408
2592,5803
2593,4928
2594,4871
2595,7203
2596,4654
2597,12140
2598,105652
2599,68166
2600,5596
2601,16072
2602,162982
2603,348631
2604,4615
2605,349614
2606,4443
2607,6109
2608,5568
2609,5455
2610,7659
2611,6878
2612,5158
2613,4870
2614,4077
2615,11665
2616,6930
2617,3700
2618,3354
2619,6619
2620,2208
2621,3343
2622,3757
2623,2228
2624,2500
2625,1965
2626,351395
2627,10961
2646,70
2707,14
2725,6561
2726,5828
2727,8226
2728,5004
2729,6872
2730,9169
2731,5930
2732,4516
2733,5388
2734,3771
2735,5579
2736,5577
2737,94198
2738,7274
2739,6025
2741,5887
2742,5898
2743,11207
2744,5750
2745,8174
2746,11687
2747,8284
2748,10640
2749,8615
2750,5041
2751,11965
2753,6435
2755,4389
2757,6257
2764,5301
2784,6484
2788,6139
2790,7349
2793,4786
2794,13575
2801,5744
2802,4510
2804,4505
2806,4792
2814,6238
2828,5534
2829,5458
2830,5473
2832,6143
2850,5109
2852,5149
2856,4950
2858,4798
2866,7103
2868,5070
2870,7471
2871,5159
2873,5160
2875,4960
2879,7188
2884,7145
2915,5365
2916,6570
2917,5305
2918,5101
2919,7294
2920,5264
2921,4735
2922,4735
2923,5123
2924,4796
2925,4796
2926,5184
2927,5085
2928,4224
2929,5331
2930,4973
2931,5527
2932,5528
2933,5916
2935,7520
2936,7908
2937,6788
2938,6789
2939,7177
2940,5722
2941,7749
2942,4590
2943,4818
2944,5010
2945,6435
2946,6435
2947,6823
2948,4389
2949,4389
2950,4777
2951,4306
2952,6258
2953,5063
2954,5503
2955,5503
2956,5891
2957,6016
2958,7084
2959,6314
2961,6357
2962,5234
2963,5622
2965,4591
2966,4979
2968,7808
2969,6390
2970,6778
2972,6722
2973,7110
2975,7021
2976,7409
2977,6039
2978,7455
2979,5491
2980,4728
2981,4742
2982,4795
2983,7514
2984,5796
2985,5028
2986,4731
2987,5119
2988,4642
2989,5030
2990,4987
2991,5375
2993,5830
2994,6218
2995,6074
2996,6075
2997,6463
2998,6075
2999,6076
3000,6464
3001,6071
3002,6072
3003,6460
3004,6130
3005,6518
3006,6006
3007,6394
3008,6073
3009,6461
3010,6080
3011,6468
3012,6062
3013,6450
3014,6085
3015,6473
3016,6063
3017,6451
3018,6281
3019,6669
3020,6066
3021,6454
3022,6098
3023,6486
3024,5856
3025,6244
3026,6484
3027,6872
3028,5835
3029,6223
3030,7009
3031,7397
3032,5422
3033,5810
3034,4557
3035,6330
3036,6330
3037,6718
3038,6944
3039,6945
3040,7333
3041,5301
3043,4854
3044,4855
3045,5996
3047,5556
3048,5384
3051,4735
3052,5444
3054,4735
3056,4729
3057,4733
3058,5442
3059,5115
3060,5116
3061,4347
3062,4347
3063,4346
3064,5113
3065,4657
3066,4657
3067,4651
3068,4656
3070,5598
3071,6307
3074,5599
3075,5598
3076,6307
3077,5072
3078,5069
3079,5069
3081,10663
3082,11372
3084,11940
3085,12649
3087,8056
3088,8765
3090,8807
3091,9516
3092,5938
3094,5158
3096,4899
3098,4989
3100,4135
3101,4844
3103,4924
3104,4185
3106,4136
3107,4136
3108,6715
3110,5200
3111,5909
3112,4620
3113,6484
3114,4506
3115,6515
3116,5685
3117,5685
3118,7520
3119,7520
3120,7835
3121,7835
3122,5408
3123,5966
3124,5522
3125,7749
3126,5057
3127,4744
3129,4741
3134,5884
3135,4761
3137,5851
3138,4728
3139,5822
3141,4802
3142,5925
3144,4713
3145,5836
3146,4713
3148,7081
3149,5958
3150,6835
3152,5227
3153,6351
3154,5228
3155,8206
3156,9329
3157,8206
3158,5032
3159,6155
3160,5032
3161,4727
3162,4868
3163,5214
3164,4863
3165,5279
3167,6139
3168,6139
3169,5397
3170,4820
3171,4618
3172,7349
3173,7349
3175,7911
3176,4786
3177,4786
3178,13575
3179,13575
3181,6151
3183,6172
3185,5706
3187,4601
3189,5707
3192,5769
3193,5531
3194,6439
3195,5342
3196,5994
3197,5744
3198,6241
3199,4510
3200,5007
3201,4510
3202,4506
3203,5003
3204,4506
3205,4792
3206,5289
3207,5915
3208,4792
3210,5058
3211,4561
3213,5181
3214,4684
3216,5005
3217,4508
3219,5065
3220,4568
3222,5222
3223,4725
3225,7700
3226,6282
3227,6238
3228,6238
3229,7338
3230,7338
3231,7158
3232,7158
3233,5484
3234,4550
3235,4569
3236,4951
3237,5047
3238,4739
3239,4514
3240,5046
3241,4514
3242,5046
3243,4652
3245,4553
3247,5176
3249,4968
3251,4278
3253,4292
3255,4818
3257,4936
3259,4732
3261,4731
3263,4666
3265,4730
3267,4488
3268,4453
3269,4427
3270,4789
3271,4673
3272,4744
3273,4232
3274,4748
3275,4824
3276,4256
3277,4826
3278,5073
3279,5226
3280,8254
3281,4914
3282,7761
3283,4813
3284,5072
3285,4722
3286,4680
3287,4933
3288,4212
3289,4298
3290,4228
3291,4917
3292,5542
3293,4409
3295,4531
3296,4531
3297,4595
3298,4595
3299,4425
3300,4425
3301,4555
3302,4555
3303,4562
3304,4471
3305,4434
3306,5540
3307,4925
3308,5534
3310,5500
3311,5467
3312,5000
3313,4917
3314,5458
3315,5472
3317,4975
3318,6143
3319,6143
3321,6232
3323,4884
3325,5272
3326,5272
3328,4783
3330,4442
3332,6195
3333,4777
3335,4841
3337,4689
3339,4805
3341,5274
3343,4713
3345,5346
3347,4618
3349,4572
3351,5067
3353,4904
3355,5341
3356,5110
3357,5110
3358,5149
3359,5149
3361,4699
3363,5111
3366,5462
3367,4951
3368,4951
3369,4799
3370,4799
3371,5461
3372,5461
3374,5419
3376,5550
3378,4567
3380,4614
3382,4699
3383,7624
3384,8240
3385,7635
3386,7381
3387,7669
3388,7103
3389,7103
3390,5071
3392,4467
3393,4847
3395,5250
3396,5250
3397,5250
3398,5250
3399,5250
3400,5250
3401,5250
3402,5250
3403,5250
3404,5250
3405,5250
3406,5250
3407,5250
3408,5250
3409,7472
3410,5104
3411,6683
3412,5938
3413,7905
3414,4783
3415,7535
3416,5541
3417,5325
3418,5071
3419,4848
3420,4464
3421,7531
3422,5594
3423,6861
3424,5732
3425,5043
3426,5048
3427,4933
3428,4972
3429,4975
3430,4737
3431,5407
3432,5146
3433,5535
3434,5525
3435,4655
3436,6363
3437,4843
3438,5327
3439,5448
3440,5227
3441,5155
3442,5124
3443,6472
3444,5593
3445,5272
3446,5236
3447,6530
3448,4719
3449,5591
3450,5914
3451,5291
3452,5471
3453,5448
3454,5561
3455,5996
3456,6054
3457,5753
3458,4942
3459,5950
3460,5455
3461,4771
3462,4388
3463,5260
3464,5180
3465,4539
3466,5033
3467,6000
3468,5859
3469,5303
3470,5783
3471,5563
3472,6234
3473,5584
3474,5667
3475,5240
3476,10565
3477,9930
3478,5581
3479,5328
3480,5885
3481,5406
3482,5773
3483,5679
3484,8233
3485,5679
3486,6062
3487,5907
3488,4994
3489,6177
3490,5648
3491,6127
3492,5240
3493,5584
3494,5854
3495,5904
3496,6211
3497,5333
3498,6292
3499,5720
3500,5567
3501,6341
3502,6188
3503,6074
3504,5621
3505,6921
3506,5920
3507,5493
3508,5879
3509,5697
3510,6353
3511,5159
3512,6282
3513,5159
3514,5868
3515,5160
3516,6283
3517,5160
3518,6379
3519,6379
3520,5698
3521,5698
3522,6527
3523,6528
3524,5965
3525,5965
3526,6434
3527,6434
3528,5865
3529,5865
3530,6261
3531,6262
3532,6417
3533,6417
3534,6399
3535,6399
3536,6383
3537,6384
3538,6356
3539,6357
3540,20030
3541,6114
3542,5042
3543,4961
3544,17226
3545,17226
3546,4598
3547,4598
3548,4597
3550,8830
3551,7412
3552,7188
3553,7189
3555,6962
3557,6853
3559,8370
3560,9079
3561,7146
3562,7146
3564,7039
3566,9061
3568,9947
3570,6369
3571,7078
3573,6438
3575,10070
3577,6317
3578,7235
3581,7271
3584,8591
3586,11591
3587,10468
3588,7021
3589,7021
3590,8097
3592,4888
3594,4792
3595,4918
3596,4579
3597,4857
3598,4996
3599,4651
3600,4941
3601,4942
3602,4897
3603,4898
3604,4681
3605,4681
3606,5484
3607,6812
3608,7391
3609,6435
3610,9937
3611,9569
3612,8945
3613,7591
3614,7799
3615,10533
3616,10493
3617,9306
3618,7310
3619,9262
3620,9044
3621,8187
3622,8266
3623,8383
3624,8395
3625,7968
3626,8632
3627,8828
3628,8987
3629,8854
3630,6346
3632,10102
3633,9002
3634,8777
3635,8798
3636,4103
3637,4478
3638,4145
3639,4464
3640,4581
3641,4576
3642,4473
3643,2669
3644,1844
3645,1834
3646,1939
3647,1969
3648,4628
3649,4560
3650,4842
3651,4800
3652,5123
3653,5657
3654,6016
3655,4664
3656,7168
3657,5803
3658,5776
3659,5772
3660,5745
3661,5739
3662,5712
3663,7667
3664,5619
3665,5592
3666,4436
3667,4708
3668,4786
3669,4508
3670,4624
3671,4342
3672,4386
3673,4536
3674,4407
3675,4238
3676,5023
3677,4664
3678,4508
3679,4650
3680,4677
3681,4271
3682,4483
3683,4507
3684,6490
3685,8161
3686,7923
3687,8147
3688,4523
3689,4747
3690,5727
3691,5994
3692,5907
3693,5841
3694,6625
3695,2716
3696,6335
3697,2590
3698,4262
3699,4927
3700,6434
3701,2372
3702,4569
3703,2242
3704,2925
3705,6641
3706,5354
3707,4953
3708,6940
3709,4755
3710,5092
3711,5133
3712,5509
3713,5081
3714,4788
3715,5887
3716,4782
3717,4886
3718,5937
3719,4703
3720,1840
3721,2530
3722,7602
3723,2130
3724,5267
3725,4052
3726,15273
3727,7482
3728,6898
3729,2816
3730,2046
3731,1956
3732,1989
3733,4804
3734,5620
3735,4553
3736,5202
3737,6776
3738,4863
3739,4734
3740,4922
3741,4908
3742,4683
3743,5408
3744,5394
3745,5169
3746,4358
3747,4429
3748,4338
3749,5879
3750,4611
3751,5976
3752,4998
3753,5163
3754,4956
3755,4904
3756,4497
3757,4590
3758,4619
3759,4866
3760,4629
3761,4647
3762,5119
3763,4993
3764,4333
3765,6227
3766,5970
3767,5808
3768,5591
3769,4332
3770,4178
3771,4247
3772,4576
3773,5675
3774,4443
3775,4385
3776,4533
3777,4475
3778,5081
3779,5023
3780,4250
3781,4981
3782,4713
3783,4283
3784,4347
3785,4362
3786,6735
3787,4621
3788,4356
3789,4260
3790,4768
3791,4465
3792,5112
3793,5621
3794,5177
3795,6889
3796,4679
3797,4604
3798,4810
3799,7193
3800,8677
3801,8971
3802,9030
3803,7122
3804,7415
3805,10320
3806,10201
3807,10245
3808,10425
3809,10451
3810,5717
3811,5042
3812,5313
3813,6295
3814,6335
3815,2420
3816,5318
3817,5330
3818,5253
3819,5295
3820,4899
3821,4556
3822,5033
3823,1639
3824,1635
3825,1809
3826,7954
3827,6996
3828,6173
3829,6856
3830,6868
3831,6190
3832,6202
3833,4962
3834,5125
3835,5135
3836,4937
3837,4739
3838,5035
3839,5431
3840,5537
3841,5668
3842,4580
3843,4699
3844,4711
3845,6386
3846,7071
3847,6891
3848,7087
3849,4969
3850,4688
3851,6722
3852,9996
3853,5935
3854,5126
3855,12788
3856,5206
3857,5304
3858,5118
3859,5183
3860,10229
3861,9801
3862,8846
3863,6085
3864,5576
3865,7695
3866,8384
3867,12314
3868,6289
3869,5416
3870,4949
3871,4319
3872,7911
3873,7336
3874,6830
3875,6255
3876,4986
3877,5456
3878,5580
3879,5474
3880,5005
3881,2290
3882,4747
3883,5090
3884,5510
3885,4896
3886,2261
3887,5255
3888,4653
3889,5068
3890,5087
3891,4485
3892,4496
3893,4966
3894,5090
3895,4984
3896,4488
3897,6447
3898,6917
3899,7041
3900,6935
3901,6439
3902,6130
3903,4410
3904,5579
3905,6837
3906,4921
3907,5365
3908,4286
3909,4546
3910,4172
3911,1747
3912,3154
3913,4991
3914,4994
3915,4485
3916,5120
3917,4211
3918,4227
3919,4397
3920,6266
3921,4455
3922,5753
3923,4682
3924,6794
3925,3019
3926,7893
3927,5450
3928,6788
3929,4996
3930,6891
3931,6827
3932,8658
3933,6064
3934,5934
3935,6523
3936,6087
3937,6088
3938,5678
3939,5303
3940,4979
3941,6726
3942,5701
3943,6689
3944,6734
3945,6707
3946,9830
3947,12853
3948,9975
3949,6223
3950,9955
3951,8984
3952,9991
3953,8830
3954,10528
3955,11516
3956,11534
3957,4922
3958,4963
3959,5063
3960,5731
3961,8824
3962,7184
3963,5105
3964,6428
3965,5213
3966,7234
3967,4929
3968,5516
3969,7632
3970,6187
3971,5986
3972,5460
3973,6152
3974,5395
3975,7074
3976,5708
3977,8730
3978,7559
3979,5214
3980,6728
3981,5523
3982,6671
3983,5593
3984,4680
3985,7588
3986,6880
3987,19491
3988,7264
3989,12941
3990,6980
3991,6954
3992,5366
3993,6011
3994,6015
3995,6015
3996,7585
3997,7589
3998,7589
3999,8344
4000,7763
4001,7767
4002,7767
4003,8348
4004,8348
4005,5484
4006,6306
4007,7714
4008,5590
4009,6418
4010,6119
4011,6660
4012,6183
4013,9992
4014,7796
4015,8061
4016,8639
4017,6994
4018,8070
4019,8429
4020,7095
4021,6789
4022,6861
4023,8060
4024,7521
4025,6674
4026,8023
4027,5530
4028,8394
4029,6843
4030,9555
4031,7242
4032,7000
4033,11953
4034,6730
4035,6101
4036,9390
4037,10268
4038,10233
4039,9702
4040,5770
4041,8218
4042,9910
4043,11813
4044,9652
4045,8009
4046,8982
4047,8867
4048,9070
4049,9502
4050,7840
4051,4672
4052,8764
4053,9712
4054,9222
4055,9723
4056,11013
4057,12008
4058,9138
4059,9161
4060,10810
4061,14643
4062,9769
4063,7566
4064,8823
4065,11946
4066,8982
4067,9101
4068,4027
4069,9964
4070,8583
4072,7317
4074,9065
4078,11302
4079,8482
4080,9034
4081,9851
4084,10122
4085,9194
4086,6567
4088,9605
4090,5114
4091,7639
4092,12011
4093,9498
4097,10581
4098,6762
4100,8965
4101,10723
4104,11160
4107,9940
4108,12086
4109,9437
4110,14236
4111,3963
4112,6576
4113,14047
4114,10930
4117,6891
4119,7390
4120,5780
4121,5120
4122,5021
4123,5057
4124,4996
4125,8254
4126,6396
4127,5111
4128,6999
4129,5043
4130,12937
4132,5115
4133,5147
4136,6762
4137,4500
4138,9253
4139,4865
4140,11135
4141,11136
4142,9752
4146,10854
4147,8889
4148,12808
4151,6046
4152,7516
4153,13427
4154,6912
4156,6344
4157,11950
4158,9936
4159,5546
4160,9259
4161,7082
4163,7805
4164,13042
4165,9142
4166,9122
4167,9217
4168,4973
4169,7897
4170,15104
4171,15105
4172,6513
4173,10396
4174,9279
4175,5819
4176,9170
4177,8823
4178,6294
4179,5845
4180,7772
4181,8995
4182,7235
4183,8270
4184,10866
4185,8129
4186,9426
4187,8123
4188,6843
4189,8819
4190,9576
4191,9576
4192,8194
4193,8193
4194,11473
4195,21351
4196,10970
4197,10868
4198,8469
4199,8458
4200,9665
4201,7972
4202,9483
4203,8526
4204,10985
4205,10803
4206,10881
4207,7280
4208,10088
4209,7527
4210,11021
4211,12307
4212,9648
4213,9769
4214,11066
4215,9774
4216,9763
4218,6480
4220,8002
4221,7612
4222,10512
4223,10112
4224,7871
4225,9257
4226,7819
4227,7954
4228,7960
4229,9014
4230,8434
4231,9422
4232,8507
4233,7204
4235,7753
4236,7971
4237,11456
4238,11597
4239,12882
4240,8229
4241,8178
4243,6945
4244,8837
4245,12610
4246,12599
4250,8397
4251,8397
4252,9710
4254,8418
4255,8418
4256,5285
4257,10098
4258,8822
4259,10107
4260,4895
4261,8630
4262,7871
4263,7272
4264,5946
4265,5884
4266,5745
4267,7259
4268,8463
4269,8464
4270,9048
4271,6350
4272,6288
4273,6149
4274,7663
4275,11646
4276,10343
4277,10349
4278,10349
4279,5118
4281,6398
4282,5030
4283,6343
4284,7357
4285,8148
4286,9761
4288,8534
4289,7166
4290,8479
4292,8100
4293,8113
4294,8113
4296,6341
4297,8292
4298,9590
4299,8287
4300,8530
4301,8293
4302,9566
4303,9606
4304,9595
4305,13285
4306,13193
4307,13307
4308,13019
4309,13261
4310,6034
4311,7663
4312,8949
4313,12051
4314,12192
4315,10408
4316,7747
4317,7756
4318,10409
4319,10409
4320,9368
4321,9188
4322,9369
4324,8106
4325,8324
4327,7365
4328,8651
4329,7271
4330,8277
4331,9997
4332,9856
4333,9997
4334,9837
4335,11844
4336,13121
4337,11704
4338,11926
4339,11845
4340,11845
4341,11685
4342,13130
4344,9361
4345,10674
4346,11316
4347,11804
4348,11587
4349,12304
4350,11604
4351,11316
4352,11316
4353,12322
4354,9180
4355,9329
4356,9154
4357,10258
4358,6369
4359,6571
4361,7055
4362,4413
4363,6492
4364,5388
4365,5213
4366,7263
4367,8542
4368,7438
4369,7263
4370,5238
4371,14681
4372,13352
4373,14670
4374,8362
4375,8633
4376,8650
4377,8362
4378,8615
4379,10233
4380,10234
4382,10234
4383,10234
4384,11547
4385,9212
4386,10491
4387,9378
4388,9403
4389,9430
4390,10494
4391,9387
4392,9212
4393,9611
4394,9853
4395,7822
4397,12070
4398,9273
4399,9273
4400,12850
4403,10441
4407,15427
4408,16895
4411,8810
4415,9823
4416,8006
4417,8006
4418,8224
4419,7125
4420,7316
4421,7300
4423,7343
4424,5709
4425,5671
4426,4633
4427,9523
4428,4775
4429,7789
4430,9928
4431,8354
4432,9281
4433,8380
4434,11410
4435,11628
4436,12666
4437,11410
4438,11128
4439,15353
4440,6689
4441,9271
4442,9785
4443,9785
4444,8503
4449,7484
4450,8579
4451,9577
4452,7413
4453,10302
4454,6111
4455,7797
4456,6957
4457,6540
4458,3986
4459,11577
4460,5385
4461,10358
4462,7524
4463,10649
4464,6163
4465,8922
4466,19129
4467,11667
4468,9161
4469,14096
4470,13873
4471,11785
4472,7513
4473,7896
4474,7845
4475,20232
4476,20615
4477,18786
4478,18563
4479,10863
4480,11165
4481,10968
4482,13585
4483,14479
4484,13249
4485,14488
4486,6201
4487,8749
4488,8078
4489,9996
4490,10639
4491,6826
4492,6832
4493,6846
4494,7157
4495,6749
4496,6258
4497,3596
4498,3605
4499,6258
4500,6615
4501,9438
4502,6776
4503,6785
4504,9795
4505,7259
4506,10194
4507,9518
4508,10167
4509,6140
4510,3478
4511,6488
4512,3487
4513,6497
4514,7629
4515,7977
4516,7785
4517,7803
4518,7986
4519,4334
4520,5619
4521,5610
4522,7458
4523,4675
4524,4891
4525,4488
4526,4625
4527,5025
4528,6540
4529,7609
4530,7546
4531,6292
4532,8688
4533,8625
4534,7371
4535,5794
4536,6534
4537,5466
4538,5831
4539,5945
4540,5790
4541,5657
4542,5525
4543,8816
4544,6040
4545,6217
4546,6287
4548,8591
4549,8245
4550,7996
4551,9741
4552,6958
4553,9440
4554,6994
4555,6026
4556,5961
4557,8220
4558,6564
4559,6533
4560,5098
4561,5444
4562,5072
4563,8020
4564,5171
4565,6121
4566,25272
4567,7198
4568,8772
4569,5838
4570,8562
4571,8357
4572,6085
4573,5902
4574,5622
4575,9117
4576,10428
4577,6523
4578,5241
4579,10445
4580,7628
4581,7308
4582,6192
4583,6646
4584,7466
4585,8924
4586,9281
4587,8810
4588,20177
4589,11879
4590,8750
4591,9432
4592,10771
4593,15803
4594,14417
4595,13096
4596,20138
4597,10011
4598,9660
4599,11593
4600,8222
4601,5891
4602,15481
4603,5323
4604,5381
4605,9954
4606,5305
4607,7730
4608,13862
4609,7667
4610,9778
4611,7901
4612,8189
4613,8073
4614,7962
4615,8194
4616,5278
4617,9200
4618,11965
4619,12117
4620,9245
4621,6407
4622,11189
4623,5530
4624,9859
4625,15368
4626,15364
4627,10064
4628,8087
4629,4189
4630,8111
4631,7808
4632,8614
4633,8615
4634,17990
4635,14970
4636,14546
4637,7902
4638,7645
4639,6401
4640,6348
4641,6865
4642,6211
4643,7117
4644,10611
4645,17690
4646,7162
4647,7068
4648,10258
4649,11778
4650,8038
4651,8074
4652,13778
4653,12799
4654,9766
4655,11819
4656,7670
4657,17175
4658,13106
4659,12773
4660,13764
4661,9292
4662,8373
4663,13010
4664,14941
4665,8128
4666,9043
4667,10328
4668,10319
4669,8290
4670,9575
4671,9566
4672,9992
4673,11277
4674,11268
4675,4488
4676,5773
4677,5764
4678,8611
4679,7984
4681,9148
4682,4909
4683,2534
4684,2402
4685,2325
4686,2585
4687,5145
4688,2433
4689,6239
4690,5142
4691,6505
4692,6442
4693,4485
4694,10950
4695,11010
4696,4866
4710,4363
4713,4395
4716,4401
4719,4355
4720,4598
4724,4528
4725,4771
4729,4394
4730,4637
4733,5881
4735,5680
4736,6013
4737,6013
4738,6045
4739,6022
4740,6017
4741,6017
4742,6020
4743,6156
4744,6021
4745,6014
4746,6011
4747,6021
4748,6022
4749,6031
4750,6009
4751,6007
4752,6029
4753,6014
4754,6010
4755,6056
4756,6027
4757,6008
4758,6005
4759,6156
4760,6002
4761,6004
4762,6031
4763,6224
4764,6027
4765,5980
4766,6169
4767,5680
4768,6002
4769,6036
4770,6060
4771,6070
4772,6162
4773,6034
4774,6016
4775,6010
4776,6010
4777,6041
4778,6015
4779,6001
4780,5835
4781,6007
4782,7180
4783,6016
4784,6235
4785,6027
4786,6017
4787,6012
4788,6129
4789,6107
4791,6033
4792,6060
4793,6022
4794,6028
4795,5994
4796,6170
4797,6012
4798,6041
4799,6001
4800,6004
4801,6020
4802,6010
4803,6195
4804,6015
4805,6009
4806,6034
4807,6011
4808,6005
4809,6062
4810,5999
4811,6013
4813,6037
4814,6020
4815,6020
4816,6137
4817,6010
4818,6006
4819,6014
4820,6009
4821,6018
4822,6024
4823,6019
4824,6036
4825,6041
4826,6012
4827,6023
4828,6020
4829,6136
4830,6154
4831,5989
4832,5996
4833,6008
4834,6007
4835,6017
4836,5997
4837,6001
4838,6049
4839,6034
4840,6010
4841,6021
4842,6022
4843,22190
4844,4288
4845,4841
4846,6416
4847,5811
4848,5810
4849,5953
4850,5668
4851,5391
4852,5658
4853,51129
4854,5178
4855,5175
4856,51241
4857,51130
4858,11941
4859,24566
4860,51130
4861,6494
4862,5642
4863,6461
4864,5166
4865,13514
4866,5517
4867,47190
4868,5682
4869,6265
4870,14546
4871,6173
4872,6494
4873,5487
4874,7545
4875,5196
4876,20204
4877,9527
4878,7960
4879,6127
4880,18231
4881,5184
4882,5169
4883,5574
4884,5172
4885,51130
4886,5157
4887,5824
4888,5220
4889,5968
4890,6510
4891,18149
4892,17817
4893,8379
4894,14148
4895,5968
4896,7224
4897,7710
4898,8437
4899,11781
4900,5205
4901,8488
4902,5109
4903,5109
4904,5109
4905,9290
4906,8303
4907,5791
4908,5259
4909,19802
4910,5554
4911,10506
4912,6261
4913,7586
4914,8831
4915,6803
4916,5580
4917,19542
4918,9909
4919,6708
4920,7506
4921,5506
4922,6878
4923,20239
4924,16782
4925,10968
4926,5259
4927,18605
4928,20867
4929,15101
4930,11163
4931,24243
4932,9337
4933,5795
4934,5576
4935,6934
4936,11347
4937,7410
4938,10545
4939,5671
4940,5582
4941,18287
4942,6932
4943,10515
4944,8261
4945,14034
4946,8283
4947,5752
4948,5807
4949,15562
4950,6922
4951,5838
4952,6174
4953,7500
4954,6323
4955,29683
4956,8326
4957,10049
4958,7983
4959,15339
4960,18574
4961,5259
4962,7257
4963,8858
4964,5649
4965,5318
4966,9315
4967,7773
4968,13009
4969,8334
4970,9976
4971,9366
4972,8038
4973,5463
4974,9496
4975,25012
4976,21668
4977,9929
4978,25758
4979,5593
4980,7209
4981,34420
4982,14002
4983,21459
4984,11104
4985,5955
4986,14446
4987,11304
4988,16597
4989,8268
4990,7536
4992,8780
4993,17491
4994,10326
4995,6665
4996,21033
4997,206469
4998,5617
4999,10524
5000,7710
5001,12137
5002,10561
5003,18841
5004,10275
5005,5702
5006,100895
5007,5992
5008,5723
5009,9930
5010,5619
5011,6997
5012,5259
5013,5259
5014,7153
5015,5874
5016,11051
5017,15955
5018,23834
5019,10448
5020,15896
5021,11136
5022,8964
5023,9389
5024,11039
5025,8822
5026,5739
5027,5690
5028,9561
5029,18361
5030,7111
5031,19331
5032,9110
5033,7713
5034,6321
5035,35336
5036,14748
5037,8524
5038,9628
5039,10947
5040,8272
5041,9355
5042,8465
5043,5702
5044,12413
5045,8454
5046,7627
5047,5623
5048,8884
5049,5644
5050,5259
5051,18439
5052,7888
5053,16787
5054,8034
5055,8414
5056,8246
5057,12090
5058,13865
5059,13203
5060,13301
5061,22692
5062,14358
5063,10471
5064,8463
5065,39388
5066,9569
5067,15819
5068,5758
5069,13980
5070,5259
5071,8238
5072,9212
5073,10728
5074,16278
5075,5692
5076,5621
5077,12858
5078,18586
5079,8188
5080,5495
5081,17601
5082,10918
5083,17622
5084,6025
5085,38836
5086,7386
5087,18496
5088,5259
5089,9756
5090,12930
5091,6505
5092,5571
5093,6767
5094,8047
5095,9610
5096,7434
5097,16070
5098,8810
5099,17226
5100,5259
5101,18314
5102,20777
5103,13546
5104,30944
5105,51974
5106,5259
5107,34312
5108,24664
5109,11418
5110,13401
5111,57973
5112,7412
5113,10398
5114,10240
5115,32685
5116,5511
5117,11099
5118,5259
5119,8911
5120,15931
5121,8949
5122,5259
5123,18963
5124,10627
5125,13864
5126,22848
5127,13202
5128,27094
5129,5562
5130,14949
5131,8091
5132,6078
5133,8999
5134,6589
5135,7674
5136,6440
5137,29038
5138,7716
5139,20539
5140,8513
5141,44086
5142,6502
5143,100901
5144,10629
5145,13200
5146,5560
5147,26568
5148,27312
5149,14601
5150,9384
5151,10035
5152,6708
5153,5818
5154,6305
5155,6238
5156,6694
5157,7224
5158,7405
5159,6288
5160,6358
5161,8618
5162,11102
5163,6391
5164,6280
5165,5768
5166,7461
5167,7121
5168,8468
5169,8487
5170,7288
5171,8307
5172,8192
5173,5160
5174,11251
5175,6298
5176,5182
5177,5484
5178,5484
5179,5484
5180,5484
5181,5484
5182,5484
5183,5748
5184,7796
5185,5024
5186,10068
5187,5133
5188,6368
5189,4854
5190,7806
5191,12272
5192,5046
5193,6082
5194,8889
5195,8620
5196,4482
5197,8920
5198,13052
5199,17533
5200,11994
5201,4796
5202,4718
5203,4205
5204,9536
5205,5585
5206,4320
5207,16498
5208,14303
5209,4927
5210,5053
5211,7999
5212,11987
5213,9671
5214,9024
5215,4386
5216,15272
5217,11903
5218,5955
5219,4658
5220,6791
5221,5155
5222,4596
5223,12837
5224,4170
5225,5567
5226,4572
5227,4797
5228,18536
5229,42789
5230,39620
5231,54937
5232,6471
5233,5620
5234,5089
5235,4945
5236,5944
5237,4429
5238,8332
5239,5459
5240,4511
5241,5003
5242,4922
5243,6869
5244,6859
5245,23948
5246,5285
5247,4585
5248,7951
5249,4236
5250,4324
5251,6015
5252,6489
5253,4368
5254,5089
5255,6968
5256,7182
5257,4787
5258,13909
5259,7745
5260,6306
5261,4462
5262,4454
5263,6198
5264,4720
5265,5710
5266,4040
5267,3999
5268,7797
5269,5886
5270,6028
5271,5962
5272,5338
5273,5132
5274,6113
5275,6120
5276,6317
5277,4420
5278,6288
5279,6430
5280,5232
5281,4774
5282,4775
5283,18712
5284,5186
5285,5622
5286,4421
5287,5134
5288,7436
5289,9070
5290,7553
5291,5428
5292,7059
5293,6084
5294,5308
5295,5399
5296,11350
5297,4978
5298,5927
5299,5363
5300,5153
5301,5922
5302,5663
5303,5187
5304,5811
5305,4380
5306,5406
5307,4925
5308,5557
5309,7160
5310,4933
5311,4530
5312,5312
5313,4808
5314,4547
5315,4353
5316,5069
5317,4652
5318,3930
5319,5381
5320,5210
5321,14311
5322,13998
5323,6043
5324,4521
5325,4489
5326,5580
5327,7362
5328,4435
5329,6293
5330,4907
5331,5085
5332,5080
5333,6971
5334,4166
5335,5041
5336,6099
5337,4160
5338,6043
5339,6728
5340,4902
5341,18473
5342,5240
5343,6947
5344,5169
5345,5104
5346,11556
5347,6116
5348,6463
5349,4897
5350,6419
5351,5586
5352,4953
5353,10387
5354,12493
5355,4111
5356,6676
5357,5371
5358,5090
5359,18648
5360,4642
5361,5844
5362,5895
5363,5691
5364,5168
5365,4545
5366,6089
5367,6584
5368,6041
5369,11886
5370,10172
5371,5247
5372,19693
5373,6498
5374,4647
5375,4358
5376,6126
5377,5285
5378,5439
5379,5598
5380,6974
5381,5120
5382,5642
5383,4343
5384,5029
5385,5781
5386,10300
5387,10300
5388,10300
5389,8390
5390,8390
5391,4184
5392,5562
5393,6282
5394,4676
5395,5942
5396,4206
5397,4026
5398,4011
5399,4416
5400,4376
5401,5964
5402,3844
5403,4878
5404,5709
5405,6540
5406,5421
5407,6357
5408,6787
5409,4679
5410,6709
5411,4735
5412,5450
5413,5675
5414,5889
5415,7135
5416,6479
5417,5132
5418,8404
5419,5845
5420,10998
5421,5691
5422,4946
5423,4794
5424,6470
5425,8020
5426,6605
5427,6227
5428,4812
5429,6842
5430,4625
5431,7307
5432,4280
5433,5095
5434,6423
5435,5548
5436,4794
5437,15110
5438,5125
5439,5226
5440,9281
5441,10546
5442,10233
5443,6210
5444,3978
5445,6438
5446,4430
5447,5177
5448,4542
5449,4574
5450,4626
5451,7662
5453,5898
5454,5790
5455,6689
5456,7042
5457,5666
5458,18364
5459,5536
5460,5484
5461,6532
5462,8943
5463,5305
5464,5057
5465,6466
5466,14669
5467,4929
5468,4539
5469,4606
5470,7769
5471,5646
5472,8115
5473,4373
5474,16423
5475,4549
5476,6275
5477,4604
5478,4520
5479,4980
5480,4569
5481,8352
5482,16911
5483,4539
5484,7603
5485,5180
5486,5152
5487,5278
5488,5500
5489,5522
5490,6073
5491,5869
5492,7511
5493,5678
5494,5620
5495,7140
5496,6156
5497,4910
5498,6530
5499,6962
5500,5883
5501,8066
5502,6859
5503,5836
5504,6675
5505,7797
5506,9448
5507,8950
5508,11359
5509,8905
5510,5742
5511,12107
5512,8170
5513,4910
5514,5154
5515,6200
5516,4472
5517,5895
5518,4584
5519,18809
5520,5933
5521,6756
5522,7123
5523,5738
5524,6358
5525,7655
5526,5764
5527,8058
5528,4800
5529,12198
5530,6536
5531,6240
5532,5785
5533,8394
5534,5773
5535,7142
5536,5953
5537,5572
5538,10069
5539,6446
5540,6352
5541,4888
5542,4606
5543,5851
5544,11505
5545,5074
5546,6693
5547,5240
5548,4937
5549,4620
5550,6083
5551,6698
5552,7624
5553,4231
5554,4450
5555,5274
5556,4646
5557,4335
5558,18519
5559,6185
5560,5474
5561,11380
5562,11888
5564,5164
5565,4107
5566,10147
5567,9177
5568,9256
5569,6268
5570,6420
5571,4786
5572,5826
5573,4123
5574,4947
5575,7667
5576,4359
5577,6629
5578,23851
5579,25475
5580,6973
5581,9820
5582,7148
5583,5730
5584,6868
5585,6564
5586,15344
5587,8223
5588,11955
5589,5060
5590,6561
5591,6640
5592,6695
5593,5555
5594,5697
5595,6140
5596,7207
5597,14972
5598,13123
5599,11631
5600,14133
5601,8275
5602,4898
5603,9472
5604,5313
5605,5078
5606,5828
5607,8226
5608,5641
5609,4262
5610,13899
5611,10623
5612,8474
5613,6969
5614,11156
5615,8714
5616,8856
5617,10025
5618,9973
5619,9561
5620,7564
5621,13924
5622,8072
5623,6661
5624,9524
5625,10681
5626,10758
5627,8016
5628,10981
5629,9706
5630,7661
5631,12368
5632,12468
5633,12416
5634,10345
5635,10400
5636,12684
5637,12677
5638,10318
5639,11807
5640,9543
5641,9544
5642,9604
5643,8948
5644,9029
5645,9029
5646,8949
5647,5004
5648,4287
5650,9169
5651,7487
5652,5951
5653,8116
5654,15245
5655,7602
5656,7643
5657,12678
5658,5664
5659,5415
5660,6344
5661,7084
5662,27107
5663,15938
5664,6120
5665,13845
5666,27998
5667,9570
5668,6380
5669,5053
5670,5883
5671,4515
5672,5388
5673,6360
5674,2438
5675,4095
5676,2285
5677,6252
5678,5784
5679,5626
5680,4259
5681,2464
5682,3770
5684,11419
5685,6054
5686,6431
5687,7804
5688,6593
5689,5169
5690,4778
5691,5422
5692,4927
5693,4946
5694,4972
5695,7760
5696,6603
5697,5176
5698,6757
5699,5503
5700,5579
5701,4719
5702,4868
5703,5577
5704,4606
5705,5539
5706,6049
5707,6499
5708,6511
5709,6799
5710,7405
5711,9624
5712,7782
5713,9180
5714,5693
5715,8207
5716,6433
5717,7867
5718,8098
5719,9686
5720,12072
5721,12371
5722,12353
5723,9821
5724,12175
5725,10664
5726,11068
5727,11736
5728,8917
5729,11661
5730,7408
5731,10463
5732,8129
5733,11441
5734,9257
5735,9965
5736,10467
5737,8361
5738,10826
5739,8032
5740,10373
5741,7443
5742,8457
5743,7372
5744,8432
5745,11052
5746,10414
5747,11830
5748,8550
5749,10589
5750,8817
5751,14078
5752,9381
5753,10485
5754,8953
5755,8147
5756,9029
5757,7127
5758,8128
5759,9269
5760,9020
5761,10049
5762,10650
5763,11347
5764,9196
5765,9211
5766,8770
5767,9165
5768,8817
5769,8436
5770,7268
5771,9624
5772,11128
5773,13002
5774,12643
5775,10795
5776,7150
5777,8936
5778,10990
5779,12129
5780,11194
5781,11803
5782,10908
5783,11666
5784,11757
5785,10331
5786,11300
5787,10224
5788,10193
5789,9707
5790,8288
5791,8949
5792,10610
5793,8769
5794,7514
5795,7284
5796,10481
5797,8471
5798,10939
5799,8257
5800,8682
5801,8329
5802,94199
5803,7275
5804,6025
5813,7581
5814,5668
5815,10565
5816,10736
5817,7098
5819,6387
5820,5886
5821,6392
5822,5508
5823,6063
5824,6291
5825,4934
5826,5395
5827,4795
5828,6332
5829,7738
5830,5898
5831,15994
5832,11208
5833,9771
5834,5570
5835,4784
5836,8745
5837,5363
5838,4034
5839,10202
5840,5751
5854,8174
5855,4835
5858,4707
5859,9014
5860,11687
5861,8284
5862,10641
5863,8614
5864,16035
5865,4231
5866,5041
5867,6102
5868,33313
5869,5303
5870,5259
5871,4816
5872,6724
5873,9225
5874,7284
5875,16477
5876,15356
5877,15520
5878,15841
5879,14692
5880,14446
5881,14623
5882,14567
5883,15672
5884,15431
5885,15251
5887,15428
5888,14179
5889,16386
5890,8946
5891,8045
5892,9449
5893,9843
5894,5996
5895,11154
5896,6163
5897,4380
5898,7075
5899,4299
5900,4564
5901,5380
5902,4993
5903,5073
5904,4944
5905,5172
5906,5302
5907,4947
5908,5159
5909,4324
5910,5996
5911,7217
5912,5317
5913,5812
5914,5919
5915,13701
5916,5131
5917,7431
5918,10800
5919,10086
5920,5034
5921,5924
5923,6014
5924,5219
5925,7100
5926,5970
5927,17550
5928,7638
5929,8441
5930,5588
5931,19920
5932,7110
5933,28214
5934,5655
5935,6079
5936,10520
5937,18028
5938,15290
5939,9992
5940,11991
5941,6635
5942,5936
5943,11038
5944,15073
5945,10022
5946,11123
5947,5927
5948,6282
5949,8698
5950,11514
5951,6047
5952,6561
5953,6927
5954,5070
5955,5281
5956,6604
5957,5797
5958,5604
5959,8322
5960,5536
5961,5799
5962,6006
5963,7719
5964,4812
5965,5437
5966,5587
5967,5451
5968,6186
5969,8976
5970,6586
5971,4948
5972,5600
5973,6645
5974,5244
5975,5025
5976,5383
5977,10434
5978,10585
5979,4977
5980,5385
5981,4831
5982,4701
5983,5387
5984,4896
5985,5796
5986,5120
5987,5483
5988,4752
5989,4765
5990,5998
5991,5605
5992,5609
5993,5507
5994,5512
5995,9787
5996,6426
5997,4645
5998,5170
5999,15697
6000,7076
6001,6727
6002,5314
6003,5137
6004,4500
6005,4798
6006,5033
6007,47196
6008,4778
6009,4931
6010,5060
6011,5015
6012,4398
6013,4983
6014,5968
6015,6752
6016,6447
6017,5919
6018,10550
6019,15233
6020,10967
6021,12873
6022,5472
6023,6074
6024,12015
6025,5334
6026,9692
6027,5229
6028,5156
6029,5323
6030,7026
6031,4870
6032,5068
6033,5624
6034,12764
6035,6908
6036,6505
6037,5518
6038,5149
6039,5137
6040,4866
6041,4839
6042,4971
6043,5031
6044,4428
6045,4457
6046,4957
6047,5165
6048,5120
6049,7924
6050,4969
6051,4867
6052,5577
6053,4994
6054,5246
6055,5253
6056,5018
6057,5439
6058,5887
6059,10892
6060,5919
6061,5900
6062,14692
6063,11349
6064,20485
6065,6045
6066,5851
6067,5846
6068,13522
6069,4547
6070,4629
6071,4649
6072,6328
6073,9196
6074,4776
6075,5396
6076,5703
6077,6444
6078,5057
6079,4708
6080,5526
6081,6238
6082,6311
6083,9845
6084,7404
6085,5931
6086,5311
6087,5559
6088,5732
6089,5197
6090,5344
6091,5134
6092,5165
6093,28209
6094,5172
6095,4976
6096,19916
6097,5081
6098,4951
6099,4913
6100,5140
6101,7752
6102,4636
6103,5130
6104,5927
6105,4792
6106,5756
6107,4996
6108,4939
6109,4885
6110,5055
6111,5311
6112,5299
6113,4636
6114,18543
6115,5100
6116,4952
6117,5031
6118,8261
6119,5046
6120,4636
6121,5284
6122,5011
6123,5210
6124,5127
6125,4956
6126,8103
6127,5432
6128,5443
6129,4636
6130,5136
6131,7046
6132,105458
6133,143247
6134,4923
6135,5043
6136,4905
6137,13161
6138,7226
6139,6356
6140,5270
6141,5088
6142,5030
6143,5233
6144,5392
6145,5049
6146,33681
6147,17798
6148,5999
6149,5855
6150,15762
6151,5776
6152,5669
6153,6403
6154,5675
6155,6017
6156,4831
6157,4758
6158,4838
6159,4983
6160,22355
6161,4892
6162,5682
6163,5682
6164,23496
6165,6520
6166,14214
6167,5534
6168,5645
6169,9827
6170,5155
6171,4626
6172,5157
6173,4942
6174,5213
6175,5129
6176,5071
6177,4973
6178,7612
6179,5001
6180,4967
6181,4986
6182,6230
6183,4903
6184,4929
6185,105448
6186,5749
6187,8085
6188,10219
6189,14862
6190,5507
6191,6276
6192,8372
6193,10371
6194,14574
6195,11976
6196,16826
6197,5587
6198,8430
6199,9804
6200,14390
6201,11033
6202,11780
6203,12110
6204,6163
6205,6647
6206,5651
6207,5718
6208,4725
6209,12352
6210,6109
6211,4798
6212,5315
6213,5788
6214,5111
6215,6000
6216,13894
6217,4932
6218,5596
6219,6092
6220,5557
6221,6020
6222,6195
6223,5080
6224,5459
6225,4699
6226,5448
6227,5233
6228,5574
6229,6469
6230,8033
6231,12705
6232,8226
6233,11425
6234,8132
6235,8073
6236,11203
6237,5810
6238,14593
6239,5228
6240,5719
6241,13528
6242,18214
6243,6193
6244,4456
6245,8078
6246,6837
6247,8403
6248,6824
6249,6936
6250,7092
6251,7112
6252,21537
6253,7439
6254,5579
6255,5268
6256,4734
6257,6088
6258,4410
6259,5443
6260,5023
6261,5876
6262,7589
6263,17344
6264,5664
6265,5608
6266,5235
6267,5566
6268,5582
6269,5292
6270,4817
6271,4822
6272,6675
6273,6837
6274,6970
6275,5485
6276,5388
6277,10996
6278,5980
6279,5949
6280,5718
6281,5503
6282,6289
6283,6603
6284,6802
6285,6142
6286,6357
6287,11038
6288,9086
6289,9221
6290,5767
6291,5463
6292,6086
6293,5076
6294,5547
6295,6430
6296,7140
6297,11291
6298,6774
6299,6433
6300,16733
6301,5906
6302,6095
6303,7869
6304,7641
6305,8297
6306,7476
6307,7009
6308,6829
6309,5074
6310,4988
6311,5370
6312,9622
6313,9826
6314,7777
6315,4872
6316,11833
6317,7083
6318,4879
6319,4500
6320,24060
6321,4274
6322,5998
6323,12989
6324,10723
6325,12760
6326,6719
6327,17052
6328,5638
6329,7284
6330,7342
6331,6005
6332,13354
6333,4645
6334,5473
6335,6307
6337,8689
6338,6266
6341,10597
6342,8724
6343,7005
6344,6600
6346,7974
6347,5938
6348,9841
6349,10423
6350,11452
6352,16504
6353,21972
6354,10742
6355,8576
6356,5858
6357,16000
6358,6307
6359,6818
6360,6271
6361,7682
6362,7094
6363,6698
6364,6674
6365,8016
6366,6724
6367,6817
6368,6592
6369,6543
6370,6247
6371,6541
6372,8933
6374,8088
6376,6324
6378,6480
6380,30102
6383,7230
6386,7042
6388,6025
6389,8388
6390,8118
6391,6450
6392,22529
6393,7158
6394,6041
6395,8998
6396,5799
6459,9590
6521,5765
6522,6000
6523,32029
6524,6678
6525,7568
6526,7956
6528,8593
6529,10009
6530,11050
6531,7356
6532,7265
6533,5986
6534,14959
6535,15161
6536,6802
6537,6309
6538,5973
6539,6476
6540,5197
6541,5559
6543,4665
6544,5885
6548,6340
6549,10429
6550,8559
6551,6527
6552,5436
6553,6286
6554,5112
6555,14953
6556,6922
6557,15661
6558,9927
6559,3064
6560,4386
6561,4212
6562,42928
6563,6807
6564,7151
6565,29546
6566,12006
6567,10517
6568,7548
6569,6555
6570,6345
6571,12205
6572,8758
6573,12679
6574,8348
6575,18164
6576,4807
6577,8783
6578,10373
6579,17034
6580,9739
6581,5380
6582,17497
6583,5436
6584,5294
6585,6136
6586,10687
6587,21586
6588,51286
6589,12041
6590,7277
6591,7312
6592,6340
6593,30719
6594,16374
6595,5158
6596,6456
6597,5636
6598,7636
6599,7273
6600,5808
6601,4881
6602,11489
6603,7299
6604,20314
6605,7288
6606,6233
6607,6889
6608,14542
6609,7334
6610,6434
6611,6371
6612,27664
6613,8452
6614,6702
6615,9785
6616,8777
6617,6003
6618,5926
6619,18687
6620,5848
6621,10523
6622,9567
6623,5862
6624,10943
6625,7238
6626,4975
6627,5482
6628,5388
6629,12632
6630,5974
6631,6913
6632,5695
6636,7867
6637,5601
6638,6519
6639,16987
6640,5070
6641,7537
6642,8126
6643,7619
6644,11317
6645,13104
6647,5551
6648,10003
6650,4143
6652,4220
6654,5696
6655,6318
6656,10458
6657,7146
6658,5350
6659,8311
6660,5533
6661,5481
6662,9504
6663,5533
6664,6801
6665,9732
6666,7996
6667,11159
6668,5043
6669,7802
6670,8142
6671,7823
6672,5947
6673,6527
6674,6621
6675,16131
6676,7080
6677,5988
6678,6201
6679,17425
6680,7003
6681,6105
6682,6521
6683,7060
6684,6017
6685,6330
6686,6882
6687,5569
6688,7627
6689,8870
6690,5700
6691,6708
6692,15416
6693,15450
6694,5125
6695,5626
6696,7648
6697,6619
6698,10632
6699,11668
6700,6426
6701,6482
6702,6474
6703,5968
6704,5440
6705,6563
6706,4638
6707,6235
6708,18697
6709,6392
6710,7494
6711,4938
6712,5631
6713,7519
6714,5331
6715,6506
6716,12930
6717,4362
6718,5897
6719,6162
6720,5369
6721,6826
6722,7351
6723,4825
6724,5285
6725,5538
6726,4839
6727,6301
6728,5427
6729,5963
6730,8096
6731,5502
6732,5238
6733,4569
6734,4734
6735,4677
6736,5447
6737,6530
6738,5870
6739,7137
6740,5683
6741,6133
6742,5289
6743,16313
6744,16369
6745,16367
6746,16313
6747,16313
6748,16313
6749,16389
6750,16313
6751,16313
6752,16361
6753,16313
6754,16361
6755,16313
6756,16367
6757,16385
6758,16389
6759,16379
6760,16375
6761,16367
6762,16313
6763,16371
6764,16379
6765,16381
6766,16313
6767,16355
6768,16359
6769,16355
6770,16369
6771,16373
6772,16363
6773,16369
6774,16365
6775,16313
6776,16355
6777,16361
6778,16397
6779,16313
6780,16369
6781,16313
6782,16373
6783,16395
6784,16313
6785,16361
6786,16367
6787,16313
6788,16371
6789,16387
6790,16385
6791,16313
6792,16313
6793,16313
6794,15992
6795,7453
6796,6046
6797,13733
6798,10212
6799,12767
6800,12905
6801,12905
6802,4623
6803,4710
6804,6736
6805,8558
6806,8562
6807,5221
6808,5184
6809,4851
6810,23098
6811,4876
6812,4804
6813,10320
6814,8430
6815,8974
6816,13107
6817,5988
6818,5484
6819,14436
6820,6064
6821,8974
6822,6541
6823,8319
6824,20082
6825,5103
6826,10239
6827,4836
6828,8086
6829,4903
6830,18749
6831,5747
6832,5760
6833,31344
6834,34116
6835,19165
6836,10287
6837,26958
6838,8226
6839,8171
6840,53385
6841,21543
6842,5765
6843,7374
6844,6690
6845,7475
6846,13132
6847,15550
6848,40257
6849,11133
6850,12175
6851,6105
6852,35462
6853,24028
6854,27497
6855,4903
6856,4903
6857,10692
6858,7627
6859,6209
6860,11623
6861,24636
6862,6191
6863,18763
6864,13249
6865,4775
6866,9439
6867,8742
6868,5105
6869,5095
6870,5153
6871,5143
6872,5114
6873,5138
6874,5626
6875,5207
6876,5171
6877,5256
6878,5243
6879,5213
6880,5183
6881,5217
6882,5625
6883,5735
6884,5710
6885,5706
6886,5749
6887,5690
6888,5600
6889,5581
6890,5213
6891,12426
6892,5926
6893,4678
6894,5420
6895,6102
6896,4951
6897,5557
6898,4112
6899,4716
6900,4745
6901,5698
6902,6237
6903,6969
6904,5603
6905,8227
6906,5591
6907,5147
6908,5171
6909,5812
6910,5700
6911,5145
6912,5578
6913,4977
6914,4688
6915,7918
6916,5881
6917,6405
6918,5835
6919,5222
6920,5061
6921,5556
6922,5169
6923,5148
6924,4513
6925,4847
6926,5373
6927,4722
6928,6191
6929,4830
6930,5084
6931,6395
6932,5318
6933,5303
6934,4908
6935,7391
6936,5460
6937,5248
6938,5248
6939,11460
6940,6006
6941,6007
6942,6953
6943,6957
6944,7060
6945,6756
6946,7055
6947,6751
6948,7361
6949,7326
6950,5959
6951,11533
6952,7413
6953,7990
6954,8174
6955,8183
6956,5361
6957,7952
6958,6424
6959,5836
6960,5484
6961,6599
6962,12999
6963,6873
6964,5555
6965,6728
6966,5512
6967,5989
6968,12232
6969,5928
6970,7671
6971,6864
6972,3951
6973,6918
6974,13778
6975,7027
6976,5567
6977,7875
6978,6394
6979,6210
6980,9830
6981,10464
6982,13932
6983,10697
6984,6445
6985,12429
6986,9238
6987,16388
6988,6481
6989,7268
6990,9330
6991,11268
6992,7771
6993,14801
6994,6508
6995,5574
6996,5874
6997,15887
6998,7150
6999,7950
7000,6806
7001,5679
7002,5504
7003,8775
7004,8098
7005,7305
7006,5946
7007,7199
7008,7899
7009,6710
7010,5545
7011,5453
7012,6012
7013,6611
7014,6673
7015,8783
7016,8104
7017,7174
7018,5952
7019,7208
7020,6585
7021,6717
7022,5549
7023,5459
7024,6350
7025,6617
7026,6843
7027,8778
7028,8102
7029,7251
7030,5950
7031,7205
7032,7477
7033,7215
7034,5560
7035,5457
7036,6148
7037,6615
7038,6712
7039,7758
7040,14811
7041,6282
7042,5518
7043,6122
7044,5876
7045,11986
7046,9753
7047,6809
7048,5958
7049,7792
7050,6702
7051,7359
7052,5611
7053,6418
7054,10291
7055,4063
7056,6847
7057,7121
7058,9676
7059,4775
7060,5739
7061,6584
7062,5766
7063,20842
7064,8120
7065,7518
7066,9603
7067,7947
7068,8752
7069,8125
7070,9669
7071,9293
7072,10086
7073,8831
7074,9018
7075,9356
7076,5877
7077,15762
7078,7172
7079,8357
7080,8811
7081,7605
7082,10653
7083,18878
7084,6851
7085,12459
7086,9591
7087,9719
7088,7447
7089,6016
7090,5870
7091,9643
7092,11714
7093,11522
7094,6546
7095,5806
7096,6428
7097,6555
7098,5098
7099,14408
7100,7335
7101,5122
7102,10377
7103,8784
7104,4630
7105,4577
7106,6336
7107,4447
7108,7370
7109,5111
7110,8884
7111,5487
7112,6896
7114,5399
7115,15068
7116,6092
7117,6471
7118,7578
7119,18366
7120,14304
7121,6754
7122,12032
7123,5699
7124,5807
7125,5814
7126,5824
7127,5801
7128,6171
7129,6469
7130,12798
7131,6337
7132,6842
7133,6043
7134,6320
7135,5712
7136,5474
7137,5348
7138,5789
7139,5684
7140,5991
7141,6119
7142,5937
7143,8641
7144,12476
7145,5839
7146,5522
7147,10978
7148,5752
7149,7543
7150,6082
7151,7165
7152,9812
7153,8135
7154,7666
7155,6172
7156,6193
7157,4924
7158,7702
7159,6945
7160,6047
7161,7211
7162,6895
7163,6503
7164,6648
7165,6066
7166,7418
7167,8202
7168,7552
7169,7625
7170,6470
7171,7012
7172,6656
7173,6831
7174,9057
7175,6516
7176,8338
7177,5525
7178,7037
7179,6100
7180,5236
7181,7213
7182,5581
7183,5457
7184,7993
7185,12698
7186,9137
7187,9485
7285,10351
7286,5843
7289,7412
7290,4830
7291,5236
7292,4928
7293,5460
7296,5771
7297,7287
7298,4903
7299,6749
7308,5349
7309,12927
7310,3609
7311,3610
7312,3610
7313,3610
7314,3610
7315,3610
7316,3610
7317,3610
7318,3610
7319,3610
7320,3610
7321,3610
7322,3610
7323,3610
7324,3610
7325,3610
7326,3610
7327,3610
7328,3610
7329,3610
7330,3610
7331,3610
7332,3610
7333,3610
7334,3610
7335,3610
7336,3610
7337,3610
7342,5715
7343,5853
7344,4162
7345,8034
7346,7621
7348,5971
7349,4808
7351,3615
7352,3615
7353,3615
7354,3615
7355,3615
7356,3615
7357,3615
7358,3615
7359,3615
7360,3615
7361,3615
7362,3615
7363,3615
7364,3615
7365,3615
7366,3615
7367,3615
7368,3615
7369,3615
7370,3615
7371,3615
7373,3615
7374,3615
7375,3615
7376,3615
7377,3615
7378,3615
7379,3615
7380,3615
7381,3615
7382,3615
7383,3615
7384,3615
7385,3615
7386,3615
7387,3615
7388,6050
7389,5113
7391,4989
7392,4378
7393,5238
7394,4956
7395,4722
7396,5218
7397,4179
7398,5107
7399,4987
7400,4780
7401,4821
7402,5101
7403,4609
7404,5252
7405,4722
7406,5088
7407,4320
7408,4977
7409,4973
7410,4204
7411,5183
7412,5097
7413,4958
7414,5035
7415,5111
7416,4648
7417,4755
7418,5029
7419,4167
7420,5231
7421,5195
7422,5173
7423,5198
7424,4486
7425,4405
7426,4795
7427,4446
7428,4363
7429,3916
7430,5517
7431,4452
7432,5085
7433,5089
7434,4445
7435,4375
7436,4836
7437,4239
7438,4224
7439,4411
7440,5357
7441,4956
7442,5630
7443,4927
7444,4134
7445,4755
7446,8009
7447,6109
7448,5954
7449,4442
7450,10171
7451,6201
7452,11065
7453,6143
7454,10230
7455,13879
7456,10784
7457,8752
7458,7725
7459,7346
7460,10959
7461,4454
7462,14783
7463,15687
7464,6032
7465,11752
7466,4624
7467,6155
7468,7812
7469,5667
7470,4454
7471,7456
7472,11289
7473,7809
7474,6440
7475,11096
7476,4184
7477,6297
7478,5484
7479,5429
7480,5804
7481,5505
7482,5023
7483,4944
7484,5426
7485,4762
7486,1376
7487,6539
7488,4834
7489,6775
7490,8457
7491,9740
7492,10038
7493,9773
7494,8556
7495,9403
7496,7502
7497,9940
7498,9277
7499,12062
7500,10919
7502,8145
7503,8454
7504,7685
7505,9086
7506,7270
7507,8543
7508,9520
7509,8141
7510,9214
7511,8649
7513,9250
7514,8658
7515,7574
7516,8847
7517,12861
7518,8486
7519,8487
7520,12536
7521,10048
7522,12169
7523,9944
7524,8061
7525,9118
7526,10077
7527,10182
7528,11782
7529,7273
7530,8565
7531,8565
7532,8367
7533,7194
7534,9928
7535,12363
7536,7349
7537,7350
7538,9885
7539,9322
7540,6507
7541,7780
7542,9485
7543,11202
7544,11096
7545,8109
7546,8577
7547,9709
7548,9709
7549,9403
7550,9404
7551,6133
7552,7406
7553,6133
7554,9771
7555,11824
7556,8678
7557,9291
7558,9491
7559,8960
7560,8536
7561,7263
7562,8901
7563,9212
7564,6121
7565,8896
7566,9300
7567,8027
7568,8027
7569,10611
7570,9338
7571,9338
7572,9322
7573,8049
7574,9540
7575,13240
7576,11554
7577,8064
7578,9760
7579,8442
7580,8442
7581,7978
7582,7773
7583,7773
7584,8495
7585,9911
7586,9574
7587,9574
7588,9138
7589,9516
7590,8297
7591,9836
7592,11120
7593,7792
7594,9933
7595,8660
7596,8660
7597,9933
7598,6651
7599,6800
7600,7613
7601,10058
7602,8633
7603,7415
7604,7415
7605,10436
7606,8362
7607,8838
7608,8838
7609,8414
7610,8244
7611,7988
7612,7988
7613,9261
7614,12704
7615,9080
7616,8967
7617,9665
7618,12254
7619,8880
7620,9200
7621,9511
7622,9118
7623,9429
7624,9508
7625,8491
7626,9764
7627,8300
7628,8491
7629,8491
7630,8300
7631,8467
7632,10626
7633,10626
7634,9411
7635,7968
7636,8138
7637,8378
7638,6928
7639,6928
7640,9196
7641,9185
7642,8613
7643,8762
7644,7192
7645,8600
7646,8607
7647,9112
7648,12504
7649,12504
7650,13777
7651,12539
7652,11096
7653,12539
7654,10097
7655,7716
7656,5962
7657,5962
7658,5962
7659,6940
7660,9653
7661,10926
7662,8891
7663,8871
7664,8871
7665,9592
7666,7563
7667,10601
7668,9629
7669,10902
7670,9947
7671,8240
7672,8924
7673,10735
7674,9394
7675,9462
7676,9462
7677,10735
7678,9962
7679,7933
7680,9869
7681,9680
7682,10971
7683,8688
7684,8688
7685,8571
7686,10582
7687,12316
7688,11043
7689,11043
7690,12821
7691,8483
7692,8565
7693,8484
7694,10496
7695,10388
7696,12401
7697,12349
7698,9574
7699,9512
7700,9019
7701,11045
7702,9772
7703,9772
7704,11045
7705,10509
7706,10511
7707,8878
7708,8879
7709,9190
7710,8895
7711,9981
7712,7002
7713,8395
7714,8395
7715,10704
7716,9431
7717,9431
7718,11156
7719,10938
7720,9976
7721,9665
7722,9886
7723,9665
7724,9376
7725,6297
7726,7570
7727,6297
7728,6297
7729,9382
7730,6714
7731,6714
7732,9382
7733,8330
7734,8671
7735,8143
7736,7941
7737,8958
7738,9179
7739,8958
7740,8958
7741,10769
7742,10908
7743,10770
7744,10770
7745,11597
7746,11766
7747,9069
7748,10342
7749,9069
7750,9006
7751,10342
7752,14437
7753,15710
7754,14472
7755,15710
7756,9637
7757,8364
7758,8364
7759,9637
7760,11574
7761,11574
7762,6869
7763,8142
7764,7847
7765,6869
7766,11770
7767,11826
7768,11771
7769,11287
7770,11757
7771,12560
7772,11096
7773,11598
7774,11287
7775,11508
7776,11096
7777,12560
7778,12560
7779,9177
7780,9398
7781,9398
7782,9177
7783,9177
7784,9285
7786,9544
7787,9544
7788,9323
7789,12617
7790,13087
7791,12652
7792,12766
7793,12617
7794,11621
7795,12894
7796,11451
7797,11899
7798,11621
7799,11621
7800,11451
7801,12894
7802,7754
7803,7976
7804,8182
7805,7976
7806,7836
7807,7976
7808,7755
7809,8182
7810,9120
7811,9049
7812,10098
7813,10098
7814,9120
7815,9351
7816,9821
7817,9351
7818,9821
7819,9372
7820,9842
7821,9333
7823,9842
7824,7471
7825,7472
7827,10411
7828,10633
7829,10633
7831,8793
7832,9014
7833,10066
7834,9014
7836,8942
7837,9014
7838,8793
7839,8793
7840,8793
7841,10066
7842,8901
7843,10066
7844,9014
7845,8902
7846,8902
7847,9051
7848,8902
7849,9062
7850,8902
7851,9051
7852,7919
7853,7920
7854,8080
7855,7667
7856,8069
7857,7920
7858,8080
7859,7920
7860,8069
7861,8069
7862,7639
7863,10315
7864,11588
7865,10475
7866,10062
7867,10593
7868,11588
7869,10331
7870,10593
7871,10475
7872,10315
7873,10145
7874,10592
7875,11588
7876,10034
7877,9616
7878,10890
7879,10890
7880,10890
7881,6998
7882,9633
7883,9766
7884,9895
7885,9617
7886,9894
7887,9616
7888,9766
7889,10890
7890,11770
7891,12241
7892,13044
7893,13044
7894,9152
7895,11909
7897,12241
7898,4600
7899,4605
7900,4289
7901,4548
7903,6457
7904,6012
7905,5996
7906,6306
7907,7264
7908,6603
7909,6233
7910,6511
7911,6934
7912,6437
7913,5987
7914,6881
7915,6995
7917,6824
7918,6771
7919,6893
7921,6109
7922,5229
7923,6145
7924,7109
7926,6760
7927,5346
7928,6325
7929,6993
7930,6862
7931,6807
7932,4443
7933,5464
7934,5311
7935,6569
7936,6606
7937,5667
7938,6434
7940,5804
7941,5860
7944,6581
7945,4097
7946,6419
7947,6076
7948,6130
7949,6144
7950,6909
7951,4250
7952,5485
7953,6905
7954,6909
7955,6958
7957,4910
7958,4765
7959,6406
7960,6367
7961,6290
7962,5668
7963,6884
7964,6843
7966,4771
7967,6747
7968,6658
7969,6200
7970,4523
7971,4141
7972,4127
7973,6665
7974,6593
7975,6344
7976,6210
7977,6511
7978,5328
7979,6637
7980,6842
7981,6612
7982,6454
7983,5502
7984,5186
7985,4822
7986,6329
7987,5309
7988,5300
7989,5039
7990,5304
7991,4749
7992,6254
7993,6254
7994,4380
7995,5558
7996,6796
7997,6430
7998,8330
7999,5761
8000,5361
8001,4450
8002,5314
8003,5560
8004,4771
8005,5336
8006,4265
8007,4161
8008,5603
8009,5554
8010,4439
8011,4923
8012,4978
8013,4462
8014,4211
8015,6786
8016,4823
8017,5171
8018,4358
8019,4659
8020,4751
8021,4744
8023,6878
8024,7992
8025,6513
8026,5924
8027,6509
8028,5931
8029,7161
8030,12923
8031,10497
8032,9882
8033,7948
8034,6897
8035,6852
8036,6762
8037,8008
8038,7057
8039,6506
8040,7011
8041,7031
8042,6437
8043,7132
8044,7002
8045,7247
8046,6966
8047,7264
8048,6710
8049,6953
8050,6834
8051,6999
8052,7029
8053,7096
8054,6695
8055,6832
8056,7761
8057,7092
8058,7051
8059,7002
8060,10182
8061,8429
8062,6792
8063,7003
8064,8494
8065,7109
8066,6961
8067,6817
8068,6771
8069,6364
8070,6530
8071,7070
8072,11216
8073,10318
8074,7985
8075,12784
8076,6100
8077,8165
8078,8103
8079,10051
8080,9707
8081,23997
8082,19692
8083,8353
8084,8082
8085,6410
8087,6496
8089,9670
8090,11101
8091,6254
8092,7959
8093,7029
8094,6958
8097,13846
8098,9080
8099,11376
8100,7706
8101,8502
8102,13029
8103,6392
8104,10357
8105,6373
8106,6750
8107,13269
8108,7540
8109,12936
8110,5601
8111,7185
8112,7155
8113,16105
8114,7575
8115,10172
8116,15787
8117,7275
8118,7528
8119,6441
8120,8059
8121,16529
8122,6284
8123,9271
8124,5484
8125,6406
8126,6219
8128,9836
8129,6590
8130,6306
8131,7292
8132,6380
8133,6746
8134,7811
8135,6004
8136,7584
8137,7868
8138,6679
8139,7038
8141,6388
8142,13540
8143,9201
8144,8896
8145,17057
8146,11669
8147,12941
8148,5526
8149,8282
8155,23015
8156,24103
8157,6565
8158,9003
8159,7521
8160,6017
8161,6476
8162,13990
8163,9666
8164,9348
8165,6078
8166,12703
8167,6297
8168,6889
8169,19235
8170,10802
8171,6611
8173,5457
8174,6173
8175,6337
8176,7916
8177,5160
8178,7437
8179,5885
8180,6203
8181,17866
8182,9955
8183,6280
8184,11315
8185,6401
8186,7029
8188,6316
8189,8359
8190,6849
8191,6742
8192,7232
8193,5943
8194,12436
8195,2190
8196,5355
8197,3176
8198,2335
8199,8165
8200,16725
8201,2416
8202,2081
8203,44968
8204,1809
8205,2564
8206,6388
8207,18170
8208,1960
8209,4322
8210,3410
8211,1919
8212,17637
8213,2154
8214,4559
8215,2994
8216,6282
8217,4084
8218,4421
8219,2693
8220,2519
8221,4713
8222,4548
8223,3537
8224,4011
8225,3507
8226,14005
8227,5985
8228,40107
8229,4677
8230,6131
8231,7118
8232,2861
8233,5389
8234,2529
8235,2433
8236,2944
8237,1843
8238,2457
8239,2284
8240,1780
8241,2278
8242,8667
8243,6364
8244,2141
8245,4034
8246,12420
8247,7673
8248,8969
8249,3051
8250,3708
8251,4792
8252,1970
8253,4565
8254,1743
8255,2089
8256,1451
8257,4038
8258,4201
8259,2874
8260,2024
8261,5658
8262,6657
8263,4428
8264,21029
8265,17514
8266,8678
8267,5800
8268,6323
8269,5555
8270,5211
8271,10721
8272,5342
8273,5108
8274,5493
8275,4783
8276,20412
8277,2705
8278,1606
8279,2286
8280,4806
8281,5245
8282,3338
8283,4338
8284,4343
8285,2500
8286,4814
8287,2213
8288,4290
8289,2368
8290,2139
8291,3470
8292,1674
8293,12262
8294,3792
8295,2911
8296,59612
8297,5251
8298,3507
8299,2758
8300,1865
8301,9152
8302,6356
8303,9986
8304,13141
8305,7567
8306,27630
8307,7336
8308,9428
8309,7636
8310,11421
8311,6285
8312,12625
8313,12626
8314,18424
8315,5950
8316,6044
8317,4821
8318,1453
8319,5554
8320,5007
8321,1575
8322,2677
8323,1753
8324,2392
8325,7299
8326,3021
8327,8071
8328,3574
8329,4876
8330,18947
8331,2679
8332,2730
8333,3731
8334,3487
8335,3204
8336,1865
8337,5646
8338,5526
8339,5561
8340,5424
8341,5420
8342,5450
8343,6661
8344,6283
8345,8697
8346,5148
8347,12387
8348,3510
8349,26733
8350,4505
8351,16605
8352,15037
8353,5066
8354,4573
8355,4420
8356,5008
8357,4456
8358,5681
8359,5088
8360,9606
8361,6914
8362,5220
8363,6773
8364,5543
8365,5022
8366,10748
8367,13711
8368,4178
8369,5630
8370,4815
8371,4129
8372,4516
8373,5087
8374,2999
8375,6100
8376,3238
8377,1824
8378,1968
8379,3673
8380,1961
8381,3520
8382,4022
8383,2171
8384,8548
8385,12616
8386,75448
8387,3144
8388,10152
8389,2696
8390,10221
8391,35172
8392,2614
8393,2234
8394,2520
8395,1885
8396,2589
8397,1818
8398,15750
8399,2085
8400,4385
8401,11576
8402,2474
8403,3751
8404,1470
8405,2014
8406,2467
8407,1884
8408,3105
8409,4375
8410,3352
8411,3359
8412,4013
8413,2393
8414,2877
8415,1702
8416,2320
8417,2940
8418,4769
8419,1992
8420,2380
8421,4496
8422,2049
8423,4237
8424,4698
8425,2102
8426,1875
8427,3252
8428,4016
8429,4112
8430,10166
8431,2990
8432,28858
8433,15231
8434,2290
8435,8112
8436,3030
8437,2170
8438,3661
8439,4968
8440,2638
8441,2801
8442,2650
8443,6403
8444,4146
8445,3198
8446,2672
8447,4016
8448,3100
8449,4722
8450,5548
8451,3448
8452,3060
8453,5411
8454,4595
8455,5896
8456,2015
8457,4011
8458,17410
8459,5892
8460,8823
8461,4399
8462,2999
8463,1624
8464,5237
8465,1855
8466,26294
8467,9601
8468,1449
8469,3021
8470,2558
8471,1825
8472,2322
8473,2840
8474,1760
8475,2235
8476,2239
8477,1699
8478,20617
8479,26251
8480,3678
8481,1789
8482,2758
8483,1645
8484,3103
8485,2086
8486,2001
8487,4315
8488,2017
8489,3782
8490,2085
8491,2314
8492,105791
8493,6515
8494,2836
8495,3430
8496,2440
8497,3112
8498,2192
8499,2629
8500,8403
8501,6262
8502,2558
8503,15593
8504,11039
8505,2521
8506,2872
8507,7539
8508,2830
8509,3918
8510,3947
8511,6755
8512,6755
8513,6755
8514,5319
8515,3814
8516,8915
8517,4578
8518,4578
8519,4578
8520,4578
8521,5832
8522,5833
8523,6111
8524,3018
8525,3603
8526,6551
8527,6521
8528,6522
8529,3800
8530,3801
8531,5173
8532,5173
8533,2412
8534,4367
8535,3992
8536,7724
8537,9495
8538,6783
8539,7196
8540,6919
8541,14601
8542,8189
8543,5749
8544,2664
8545,2665
8546,1973
8547,3036
8548,2694
8549,5505
8550,2997
8551,45389
8552,17165
8553,17165
8554,4394
8555,5122
8556,5933
8557,11477
8558,4540
8559,4251
8560,6227
8562,6714
8563,6444
8564,4531
8565,13476
8566,5566
8567,4726
8568,5460
8569,6898
8570,5327
8571,6490
8572,16295
8573,5352
8574,10087
8575,7393
8576,7381
8577,9000
8578,9611
8579,5939
8580,6294
8581,6919
8582,7296
8583,5018
8584,6469
8585,6382
8586,5060
8587,4297
8588,6032
8589,4772
8590,6274
8591,5288
8592,4644
8593,11051
8594,14031
8595,5096
8596,5028
8597,1438
8598,5544
8599,1806
8600,5647
8601,3467
8602,9845
8603,1990
8604,5026
8605,7271
8606,2726
8607,79303
8608,7874
8609,4365
8610,1765
8611,3254
8612,7134
8613,4883
8614,8297
8615,8593
8616,7476
8617,6799
8618,5475
8619,5592
8620,6467
8621,8205
8622,5258
8624,5481
8625,6768
8626,126436
8627,5527
8628,11255
8629,10550
8630,9515
8631,7595
8632,10104
8633,3328
8634,6663
8635,6375
8636,6147
8637,6911
8638,5461
8639,5475
8640,5733
8641,4734
8642,7028
8643,5126
8644,4508
8645,4986
8646,4879
8647,5169
8648,4673
8649,8397
8650,5572
8651,4947
8652,8713
8653,5397
8654,12921
8655,7139
8656,6022
8657,5763
8658,7203
8659,6740
8660,5481
8661,5126
8662,6065
8663,8363
8664,12990
8665,6205
8666,10814
8667,5278
8668,47012
8669,5125
8670,4347
8671,4347
8672,5369
8673,46601
8674,12097
8675,5894
8676,6644
8677,5511
8678,4623
8679,7012
8680,7014
8681,4423
8682,3768
8683,5449
8684,4941
8685,5525
8686,6067
8687,6323
8688,5544
8689,5708
8690,5481
8691,5661
8692,5888
8693,6855
8694,7312
8695,4296
8696,4508
8697,5223
8698,5149
8699,7266
8700,5298
8701,10900
8702,6860
8703,7014
8704,6412
8705,12219
8706,9614
8707,5257
8708,6656
8709,6783
8710,5271
8711,5305
8712,6228
8713,5842
8714,5640
8715,5756
8716,6289
8717,5707
8718,5604
8719,6239
8720,5485
8721,5817
8722,5873
8723,6343
8724,5975
8725,5403
8726,5689
8727,5396
8728,7408
8729,21905
8730,9783
8731,11668
8732,14368
8733,5878
8734,5398
8735,15957
8736,8964
8737,10515
8738,11048
8739,8667
8740,11599
8741,6325
8742,5245
8743,7880
8744,7521
8745,17511
8746,6212
8747,7852
8748,6785
8749,7387
8750,9959
8751,10068
8752,5218
8753,5100
8754,6517
8755,6797
8756,6553
8757,7790
8758,5305
8759,6603
8760,6934
8761,10171
8762,6222
8763,7524
8764,7539
8765,8691
8766,7042
8767,5605
8768,5610
8769,8709
8770,12518
8771,7220
8772,8243
8773,6530
8774,5951
8775,7708
8776,5095
8777,9382
8778,5817
8779,5718
8780,5306
8781,6439
8782,6309
8783,5759
8785,5573
8786,6726
8787,6460
8788,6027
8789,7102
8790,6382
8791,5191
8792,6925
8793,6040
8794,5358
8795,6160
8796,8941
8797,4867
8798,5077
8799,4599
8800,5112
8801,6419
8802,5878
8803,7622
8804,5515
8805,13412
8806,7379
8807,6846
8808,5723
8809,4789
8810,4610
8811,5354
8812,4834
8813,4987
8815,6462
8816,5148
8817,6571
8818,5100
8819,10411
8820,9520
8821,9419
8822,9777
8823,7044
8824,7335
8825,4888
8826,9313
8827,4892
8828,9292
8829,7008
8830,9053
8831,8929
8832,8150
8833,6824
8834,5840
8835,4641
8836,5483
8837,4741
8838,8946
8839,10873
8840,6960
8841,9990
8842,11276
8843,15665
8844,7904
8845,13090
8846,4773
8847,6205
8848,5484
8849,7332
8850,8664
8851,5794
8852,5631
8853,5741
8854,5741
8855,18249
8856,5333
8857,8770
8858,6514
8859,7899
8860,6449
8861,4930
8862,13140
8863,10895
8864,28404
8865,18064
8866,7644
8867,7105
8868,13674
8869,9878
8870,8965
8871,21107
8872,9279
8873,4979
8874,5744
8875,8264
8876,4551
8877,9908
8878,6248
8879,283874
8880,4822
8881,4707
8882,4677
8883,7017
8884,6792
8885,9314
8886,4486
8887,7794
8888,6326
8889,7431
8890,5676
8891,6911
8892,4883
8893,4355
8894,5334
8895,8668
8896,10614
8897,12246
8898,7833
8899,5440
8900,9269
8901,7758
8902,12985
8903,7406
8904,8486
8905,7731
8906,13459
8907,7959
8908,8327
8909,5193
8910,145941
8911,5025
8912,5120
8913,5908
8914,5196
8915,7278
8916,5368
8917,6422
8918,7110
8919,6807
8920,5733
8921,5783
8922,11956
8923,6906
8924,6955
8925,6252
8927,25848
8928,9741
8929,5727
8930,6898
8931,7816
8932,12314
8933,28615
8936,56344
8938,6190
8939,15274
8940,5977
8941,10924
8942,12573
8943,13310
8944,5843
8945,14258
8946,15063
8947,13711
8948,18340
8949,5264
8950,6247
8951,23755
8952,12540
8953,6539
8954,8970
8955,4858
8956,11296
8957,5789
8958,6151
8959,4438
8960,5917
8961,4646
8962,4918
8963,5423
8964,5244
8965,7466
8966,6891
8967,5529
8968,5515
8969,5413
8970,8199
8971,4129
8972,5551
8973,11703
8974,7384
8975,12952
8976,12957
8977,8447
8978,5663
8979,6604
8980,7242
8981,9727
8982,4886
8983,7735
8984,5143
8985,5536
8986,6481
8987,6042
8988,5125
8989,5980
8990,5483
8991,4929
8992,6716
8993,6583
8994,7741
8995,4409
8996,5672
8997,10192
8998,4387
8999,5562
9000,7095
9001,12818
9002,5667
9003,5320
9004,6490
9005,18872
9006,5998
9007,4401
9008,11265
9009,12931
9010,19368
9011,5761
9012,12332
9013,4976
9014,15251
9015,23470
9016,26255
9017,47677
9018,11952
9019,7539
9024,10163
9028,6967
9029,5535
9030,6717
9031,5593
9032,6163
9033,8012
9034,7722
9035,6161
9036,5757
9037,7196
9038,9917
9039,7422
9040,7108
9041,6082
9042,10093
9043,5901
9044,8698
9045,5486
9046,5941
9047,7125
9048,5368
9049,8271
9050,6073
9051,6445
9052,5987
9053,67307
9054,14208
9055,8139
9056,14181
9057,6388
9058,17324
9059,6237
9060,13592
9061,6815
9062,7321
9063,5475
9064,6919
9065,3827
9066,5352
9067,5657
9068,13459
9069,7238
9070,5675
9071,8127
9072,6162
9073,17556
9074,6734
9075,5918
9076,5918
9078,6454
9079,4425
9080,7077
9081,5656
9082,6330
9083,6919
9084,5547
9085,5338
9086,5958
9087,5908
9088,5718
9089,4899
9090,5206
9091,5547
9092,5469
9093,6937
9094,7212
9095,6395
9096,6396
9097,26769
9098,6506
9099,19722
9100,8286
9101,13182
9102,5522
9103,7614
9104,7524
9105,50453
9106,10833
9107,10936
9108,6072
9109,5297
9110,6729
9111,5840
9113,4966
9114,4334
9115,4321
9116,4347
9117,4314
9119,4343
9120,4335
9121,4306
9122,4362
9123,4347
9124,4317
9125,4302
9126,4342
9127,4322
9129,4312
9130,4316
9131,4325
9132,4306
9133,4429
9134,4339
9135,5982
9136,4351
9137,4320
9139,4577
9140,4317
9141,6960
9142,6164
9143,3313
9144,2044
9145,1638
9146,6349
9147,2747
9148,3588
9149,2670
9150,3356
9151,3356
9152,5531
9153,5535
9154,5318
9155,4096
9156,6601
9157,9648
9158,8684
9159,9831
9160,12046
9161,13641
9162,10495
9163,9795
9164,7258
9165,13686
9166,12687
9167,4716
9168,12175
9169,11671
9170,14
9171,19153
9172,8556
9173,5955
9174,5571
9175,5336
9176,16058
9177,9782
9178,8858
9179,10599
9215,18903
9216,18301
9217,17869
9218,1651
9219,1652
9220,1647
9221,1637
9222,1630
9223,1630
9224,25912
9225,25880
9226,1653
9227,1653
9228,1648
9229,1630
9230,1630
9231,16789
9232,16896
9233,1650
9234,1659
9235,1641
9236,1630
9237,1630
9238,1628
9239,1652
9240,1647
9241,1630
9242,29814
9243,29760
9244,1656
9245,1665
9246,1647
9247,1630
9248,27936
9249,1651
9250,1642
9251,1630
9252,1630
9253,19549
9254,1656
9255,1651
9256,1651
9257,1630
9258,1630
9259,29626
9260,27906
9261,24534
9262,30855
9263,1651
9264,1660
9265,1630
9266,1630
9267,26053
9268,29889
9269,1656
9270,1656
9271,1651
9272,1651
9273,1630
9274,1630
9275,25218
9276,1772
9277,1781
9278,1763
9279,1746
9280,27558
9281,1772
9282,1772
9283,1781
9284,1746
9285,24225
9286,1772
9287,1781
9288,1763
9289,1746
9290,1746
9291,26143
9292,1772
9293,1781
9294,1746
9295,1746
9296,26199
9297,25972
9298,23482
9299,1772
9300,1781
9301,1763
9302,1746
9303,1746
9304,1772
9305,1772
9306,1781
9307,1781
9308,1763
9309,1746
9310,1744
9311,1655
9312,1630
9313,1628
9314,1630
9315,1630
9316,1117
9317,1117
9318,1117
9319,1117
9320,1117
9321,1117
9322,1117
9323,1117
9324,1117
9325,1117
9326,1117
9327,1117
9328,1117
9329,1117
9330,1117
9331,1117
9332,1117
9333,1117
9334,1117
9335,1117
9336,1117
9337,1117
9338,1117
9339,1117
9340,1117
9341,1117
9342,1117
9343,1117
9344,1117
9345,1117
9346,1117
9347,1117
9348,1117
9349,1117
9350,1117
9351,1117
9352,1117
9353,1117
9354,1117
9355,1117
9356,1117
9357,1117
9358,1215
9359,2613
9360,1203
9361,1232
9362,3131
9363,1188
9364,2544
9365,1252
9366,1206
9367,1205
9368,1225
9369,1221
9370,1207
9371,2895
9372,3157
9373,1238
9374,1225
9375,1234
9376,1266
9377,2738
9378,1254
9379,1776
9380,1178
9381,1238
9382,1183
9383,1189
9384,1207
9385,1224
9386,1201
9387,2551
9391,1228
9394,1219
9395,2422
9399,1184
9400,1233
9401,2499
9405,1211
9406,2333
9410,1159
9411,1209
9412,1208
9413,1235
9414,1224
9415,2254
9419,2619
9420,1218
9421,2696
9422,1262
9423,1226
9424,2729
9425,1213
9429,1209
9430,2241
9434,1236
9438,1221
9439,1201
9440,1199
9444,1198
9445,1218
9446,3196
9450,1206
9451,2547
9455,1161
9456,1730
9460,1246
9461,1224
9462,2249
9463,1187
9464,1173
9465,2245
9466,1256
9467,1200
9468,1250
9469,1177
9470,1234
9471,2436
9475,1179
9476,1246
9477,2648
9481,1221
9482,2409
9486,1199
9487,3053
9491,1177
9492,1206
9493,1170
9494,1835
9495,1177
9496,1711
9500,1722
9501,1177
9502,2077
9503,1259
9504,5176
9508,1161
9509,1161
9510,1686
9511,1170
9512,1237
9513,1215
9514,2587
9515,1220
9516,2652
9517,1216
9518,1218
9519,1177
9520,1231
9521,3027
9522,2520
9523,1243
9524,3336
9528,1239
9529,1177
9530,1743
9531,1190
9532,1198
9536,1242
9537,2066
9538,1248
9539,1214
9540,1200
9541,2359
9545,1205
9546,1971
9547,1204
9548,1160
9549,1237
9550,1224
9551,2294
9552,1220
9553,1203
9554,1228
9555,1227
9556,2386
9557,1249
9558,2676
9559,2772
9560,1237
9561,1266
9562,2558
9563,1225
9564,1200
9565,1186
9566,1206
9567,1292
9568,1760
9569,1212
9570,2776
9571,1294
9572,2631
9573,1315
9574,1211
9575,1221
9576,1224
9577,1242
9578,2397
9582,1195
9583,1227
9584,2494
9585,1208
9586,1194
9587,1289
9588,2857
9589,1258
9590,3036
9591,1223
9592,1164
9593,1184
9594,2328
9595,1208
9596,1204
9597,1240
9598,1233
9599,1203
9600,1293
9601,1227
9602,1205
9603,1206
9604,1210
9605,1200
9606,3326
9607,1226
9608,2789
9612,1209
9613,2192
9614,1226
9615,2645
9616,2419
9617,1208
9618,1249
9619,2368
9620,1215
9624,1243
9625,2261
9626,1223
9627,1264
9628,1229
9629,1227
9630,2309
9631,1185
9632,1203
9633,1203
9634,2085
9635,1246
9636,2345
9637,1235
9638,2829
9639,1203
9640,2409
9641,1981
9642,1216
9643,2090
9644,2363
9645,1240
9646,1249
9647,2549
9648,1236
9649,2714
9650,1168
9654,1197
9657,1181
9658,2107
9662,1217
9663,1238
9664,1244
9665,2157
9666,1206
9667,2208
9671,1201
9672,2174
9676,1211
9677,2522
9678,1226
9679,1224
9680,1830
9681,1205
9682,1191
9683,2789
9684,1232
9685,1196
9686,2471
9687,1224
9688,1206
9689,1207
9690,2337
9691,1206
9692,1202
9693,1187
9694,2304
9695,1224
9696,2412
9697,1202
9698,1953
9699,2174
9700,1212
9701,2712
9702,1197
9703,1246
9704,2175
9705,1234
9706,1210
9707,2869
9708,1241
9709,1263
9710,2846
9711,1192
9712,2615
9713,1221
9714,1214
9715,1247
9716,1229
9717,1233
9718,2176
9719,1180
9720,1281
9721,3389
9722,1189
9723,2110
9724,1220
9725,1234
9726,2778
9727,1198
9728,1293
9729,2529
9730,2286
9731,1809
9732,1205
9733,2468
9734,1219
9735,1246
9736,1204
9737,1194
9738,2163
9739,1223
9740,1220
9741,3221
9742,2678
9743,1200
9744,1251
9745,2223
9746,1227
9747,3255
9751,2357
9752,1710
9753,1230
9754,2428
9755,1188
9756,2174
9757,1227
9758,1250
9759,1187
9760,1220
9761,1210
9762,1236
9763,1225
9764,1466
9765,1237
9766,1226
9767,1190
9768,1216
9769,2044
9770,1231
9771,1178
9772,1169
9773,2014
9774,1196
9775,2606
9776,1229
9777,1222
9778,1231
9779,1192
9780,1980
9781,1198
9782,1216
9783,1242
9784,2638
9785,1232
9788,1204
9789,1855
9790,2805
9791,1279
9792,2143
9793,1183
9794,1234
9795,1203
9796,1171
9797,2228
9798,1268
9799,2491
9800,1241
9801,2736
9802,3045
9803,1209
9804,1204
9805,2130
9809,1198
9810,1204
9811,1195
9812,2689
9816,1210
9817,2360
9818,2363
9819,1213
9820,1228
9824,1214
9825,2736
9829,1257
9830,1177
9831,1241
9832,1234
9833,1237
9834,1191
9835,1198
9836,1213
9837,2482
9838,1254
9839,2636
9840,1224
9841,1178
9842,1285
9843,1226
9844,1213
9845,1192
9846,1229
9847,2282
9848,1204
9849,2731
9850,1206
9851,1206
9852,1189
9853,2136
9854,1210
9855,1249
9859,2760
9860,1185
9861,2528
9862,1228
9863,1223
9864,2282
9865,1212
9866,1237
9867,2335
9868,1238
9869,1839
9870,1168
9871,3534
9872,1188
9873,1197
9874,1250
9875,1236
9876,2711
9877,1215
9878,1220
9879,1209
9880,1198
9881,1234
9882,2575
9883,1194
9884,2469
9885,1210
9886,2396
9887,1236
9888,1243
9889,2336
9890,1249
9891,2459
9892,1212
9893,2721
9894,1204
9895,2739
9896,1192
9897,1218
9898,1248
9899,1202
9900,1406
9901,1226
9902,2587
9903,1247
9904,1210
9905,1207
9906,1216
9909,1215
9910,1184
9911,1192
9912,1217
9913,2733
9914,1219
9915,2831
9916,1222
9917,1218
9918,2370
9919,1232
9920,2772
9921,1196
9922,2385
9923,1234
9924,2418
9925,1214
9926,1195
9927,1213
9931,1258
9932,1229
9933,1217
9934,2245
9935,1214
9936,1217
9937,2179
9938,1177
9939,1237
9940,2354
9941,1221
9945,1188
9946,1162
9947,1223
9948,1694
9949,1208
9950,1294
9951,1202
9952,2833
9953,1228
9954,2477
9955,1188
9956,1208
9957,2250
9958,1190
9959,1303
9960,1227
9961,1214
9962,2444
9963,1223
9964,1208
9965,1237
9966,1228
9967,1231
9968,2741
9969,1232
9970,1904
9971,2477
9972,2853
9973,1197
9974,3952
9975,1249
9976,2623
9977,3377
9978,1186
9979,1263
9980,1316
9981,1291
9982,1316
9983,1287
9984,1293
9985,1316
9986,1286
9987,1285
9988,1287
9989,1290
9990,1290
9991,1314
9992,1303
9993,1292
9994,1295
9995,1302
9996,1299
9997,1288
9998,1296
9999,1302
10000,1302
10001,1295
10002,1313
10003,1342
10004,1302
10005,1288
10006,1292
10007,1300
10008,1290
10009,1295
10010,1296
10011,1302
10012,1316
10013,1296
10014,1318
10015,1285
10016,1318
10017,1290
10018,72
10019,124858
10020,31616
10021,824
10022,363
10023,491
10024,534
10025,630
10026,608
10027,14274
10028,175
10029,1676
10030,3952
10031,14
10032,14883
10033,3695
10034,19859
10035,5482
10036,8637
10037,1419
10038,8792
10039,10483
10040,5775
10041,11255
10042,9844
10043,6792
10044,10402
10045,3861
10046,6258
10047,1419
10048,7101
10049,1419
10050,7945
10051,5852
10052,9289
10053,1419
10054,5351
10055,6839
10056,7521
10057,4537
10058,6286
10059,4520
10060,7832
10061,6623
10062,6546
10063,1419
10064,7989
10065,9938
10066,8262
10067,7166
10068,1419
10069,11255
10070,9289
10071,10229
10072,1419
10073,7140
10074,6996
10075,8306
10076,6547
10077,6977
10078,6707
10079,5969
10080,10219
10081,10121
10082,7523
10083,6713
10084,7163
10085,1419
10086,1419
10087,6981
10088,5441
10089,6273
10090,6676
10091,1419
10092,6286
10093,8183
10094,1419
10095,9128
10096,9167
10097,10229
10098,7395
10099,6078
10100,7285
10101,5332
10102,7263
10103,1419
10104,7811
10105,9289
10106,7900
10107,1419
10108,10899
10109,1419
10110,4320
10111,6741
10112,1419
10113,1419
10114,9214
10115,1419
10116,1419
10117,5036
10118,4582
10119,6184
10120,8653
10121,1419
10122,10229
10123,6793
10124,1419
10125,7116
10126,8623
10127,5651
10128,1419
10129,13090
10130,8701
10131,6358
10132,1419
10133,1419
10134,8012
10135,1419
10136,9470
10137,1419
10138,9723
10139,5399
10140,6039
10141,6934
10142,8492
10143,1419
10144,1419
10145,8964
10146,6388
10147,6056
10148,8406
10149,7386
10150,8262
10151,3488
10152,9167
10153,9233
10154,1419
10155,7297
10156,6607
10157,11255
10158,8929
10159,7628
10160,7003
10161,6316
10162,1419
10163,1419
10164,6922
10165,11255
10166,7610
10167,1419
10168,7005
10169,7510
10170,1419
10171,1419
10172,6792
10173,11255
10174,5439
10175,7378
10176,7035
10177,8943
10178,7072
10179,1419
10180,7150
10181,9157
10182,5520
10183,6267
10184,1419
10185,8615
10186,2259
10187,10067
10188,7783
10189,5848
10190,8679
10191,5976
10192,6307
10193,6934
10194,1419
10195,6646
10196,5128
10197,7662
10198,11255
10199,5822
10200,7425
10201,5415
10202,6286
10203,6106
10204,9060
10205,5059
10206,9118
10207,8339
10208,8726
10209,8977
10210,1419
10211,1419
10212,6277
10213,1419
10214,1419
10215,1419
10216,1419
10217,6286
10218,5356
10219,4124
10220,8221
10221,8761
10222,1419
10223,7063
10224,5854
10225,1419
10226,7789
10227,8560
10228,6565
10229,1419
10230,9289
10231,10266
10232,5739
10233,4274
10234,9444
10235,6003
10236,6286
10237,8980
10238,7504
10239,1419
10240,1419
10241,7379
10242,8522
10243,1419
10244,10015
10245,10977
10246,1419
10247,9289
10248,1419
10249,6944
10250,4984
10251,9573
10252,1419
10253,5984
10254,1419
10255,1419
10256,1419
10257,5936
10258,9746
10259,6806
10260,5119
10261,1419
10262,7983
10263,9178
10264,1419
10265,1419
10266,6483
10267,8696
10268,6286
10269,7005
10270,1419
10271,1419
10272,10229
10273,6895
10274,7383
10275,1419
10276,6553
10277,1419
10278,7147
10279,7611
10280,7586
10281,5650
10282,1419
10283,9105
10284,6067
10285,1419
10286,8289
10287,7316
10288,1419
10289,5927
10290,7056
10291,7342
10292,6759
10293,8212
10294,7379
10295,4253
10296,6434
10297,7314
10298,5361
10299,1419
10300,6998
10301,1419
10302,5707
10303,6264
10304,9091
10305,5353
10306,9591
10307,9393
10308,1419
10309,10409
10310,5376
10311,6864
10312,6752
10313,10308
10314,7989
10315,6214
10316,7233
10317,8547
10318,5733
10319,7917
10320,8810
10321,5183
10322,6813
10323,1419
10324,6903
10325,1419
10326,1419
10327,7280
10328,6903
10329,7195
10330,1419
10331,6853
10332,6332
10333,6486
10334,7843
10335,1419
10336,6393
10337,6248
10338,4948
10339,6286
10340,1419
10341,1419
10342,6334
10343,1419
10344,4196
10345,8273
10346,6937
10347,9580
10348,9662
10349,8939
10350,6286
10351,10335
10352,8255
10353,8193
10354,1419
10355,1419
10356,6739
10357,1419
10358,1419
10359,7485
10360,7868
10361,6579
10362,7268
10363,10229
10364,7158
10365,6406
10366,5144
10367,2704
10368,32318
10369,17869
10370,20650
10371,32318
10372,32318
10373,32318
10374,32318
10375,15301
10376,15313
10377,26465
10378,1766
10379,5217
10380,18301
10381,32318
10382,32318
10383,32318
10384,30634
10385,24992
10386,32318
10387,1760
10388,32318
10389,21409
10390,5217
10391,1752
10392,8901
10393,32318
10394,1762
10395,25912
10396,22725
10397,19549
10398,16793
10399,32318
10400,3677
10401,26512
10402,32318
10403,3096
10404,2305
10405,2340
10406,3575
10407,28570
10408,3994
10409,19913
10410,15930
10411,14042
10412,30529
10413,7716
10414,4096
10415,17165
10416,26063
10417,29525
10418,4332
10419,2337
10420,2340
10421,2341
10422,2341
10423,2338
10424,2342
10425,2341
10426,2339
10427,2341
10428,2336
10429,2336
10430,2337
10431,2338
10432,2342
10433,2341
10434,2339
10435,2336
10436,2336
10437,2341
10438,2338
10439,2341
10440,2339
10441,2336
10442,2341
10443,2333
10444,2334
10445,2337
10446,2337
10447,2332
10448,2337
10449,2315
10450,2315
10451,2313
10452,5700
10453,1683
10454,4030
10455,3175
10456,9319
10457,1990
10458,1525
10459,3746
10460,9319
10461,1238
